4.889100000000000000e+04 5.641279722146830267e-01 5.617944974983677184e+02 6.580907343415107746e+00 6.609086358705624775e+00 5.281482908014268896e-01 7.920183840499797157e+01 7.522340463601670990e+01 nan 5.641740909697217532e+00 1.882098201532995896e+00 1.918025420845050012e-04
4.889200000000000000e+04 5.641373933506144134e-01 5.617945009377107226e+02 6.580907360638824422e+00 6.609086346916990706e+00 5.281482884493972074e-01 7.920183849859853353e+01 7.522340474225421758e+01 nan 5.641740954319672596e+00 1.882098225285983473e+00 1.918025420639401526e-04
4.889300000000000000e+04 5.641468144865139367e-01 5.617945043713884843e+02 6.580907377886450860e+00 6.609086335156197478e+00 5.281482860977302352e-01 7.920183859161215878e+01 7.522340484790191795e+01 nan 5.641740998830243825e+00 1.882098249012398750e+00 1.918025420434242556e-04
4.889400000000000000e+04 5.641562356223818187e-01 5.617945077996369037e+02 6.580907395157949757e+00 6.609086323423068343e+00 5.281482837464258617e-01 7.920183868411186268e+01 7.522340495317256170e+01 nan 5.641741043315015247e+00 1.882098272747157353e+00 1.918025420229267902e-04
4.889500000000000000e+04 5.641656567582180593e-01 5.617945112223389970e+02 6.580907412453150584e+00 6.609086311717440765e+00 5.281482813954841982e-01 7.920183877605943223e+01 7.522340505783081710e+01 nan 5.641741087737770499e+00 1.882098296498955659e+00 1.918025420024613086e-04
4.889600000000000000e+04 5.641750778940227695e-01 5.617945146392860352e+02 6.580907429772024031e+00 6.609086300039130890e+00 5.281482790449054665e-01 7.920183886743646440e+01 7.522340516193521864e+01 nan 5.641741132083344823e+00 1.882098320235143563e+00 1.918025419820284345e-04
4.889700000000000000e+04 5.641844990297959495e-01 5.617945180507367695e+02 6.580907447114370257e+00 6.609086288387972630e+00 5.281482766946883345e-01 7.920183895827904053e+01 7.522340526558352281e+01 nan 5.641741176414090120e+00 1.882098343973475529e+00 1.918025419616197652e-04
4.889800000000000000e+04 5.641939201655377101e-01 5.617945214563919762e+02 6.580907464480059588e+00 6.609086276763790124e+00 5.281482743448344674e-01 7.920183904853747947e+01 7.522340536864361127e+01 nan 5.641741220645914545e+00 1.882098367683131546e+00 1.918025419412513468e-04
4.889900000000000000e+04 5.642033413012481624e-01 5.617945248563958103e+02 6.580907481869084918e+00 6.609086265166411067e+00 5.281482719953427551e-01 7.920183913824517674e+01 7.522340547122821874e+01 nan 5.641741264831003910e+00 1.882098391418562278e+00 1.918025419209088680e-04
4.890000000000000000e+04 5.642127624369273065e-01 5.617945282506605054e+02 6.580907499281265061e+00 6.609086253595659599e+00 5.281482696462130866e-01 7.920183922737899707e+01 7.522340557316140064e+01 nan 5.641741308961366386e+00 1.882098415162043459e+00 1.918025419005999995e-04
