2.360200000000000000e+04 2.113692529402492193e-01 7.394885989459348821e+02 8.599049331517157668e+00 8.417543124782916664e+00 5.979871681902744207e-01 1.364598880400398002e+02 1.028800141258720515e+02 1.198492679697918533e+02 6.960052957837557841e+00 1.700815173817312287e+00 1.985519877721214722e-05
2.370100000000000000e+04 2.118223296341725237e-01 7.402670889175287812e+02 8.600977065789763287e+00 8.411407726883700420e+00 5.979934889171523160e-01 1.366166321021997021e+02 1.027184694709480652e+02 1.196571459263666100e+02 6.942474756901288124e+00 1.702202481339023965e+00 1.985511100959013323e-05
2.380100000000000000e+04 2.122784979287948570e-01 7.407934067111278864e+02 8.610171240787270364e+00 8.404181292003372050e+00 5.979979934343113701e-01 1.367349294437115930e+02 1.026011003968814350e+02 1.195048484585399251e+02 6.912925460018575663e+00 1.701255676103769821e+00 1.985509991634845493e-05
2.390100000000000000e+04 2.127340599895379269e-01 7.406608809428280438e+02 8.621887722702856749e+00 8.396120447264092235e+00 5.980020935737864196e-01 1.367510980289630140e+02 1.025210468077546579e+02 1.193880880094209260e+02 6.875364463912152502e+00 1.698346859251680385e+00 1.985515185122771042e-05
2.400100000000000000e+04 2.131899421177750331e-01 7.398079964733318548e+02 8.633640827766082992e+00 8.387551677984916410e+00 5.980060320923008543e-01 1.366503887476234809e+02 1.024664877837034709e+02 1.192995630669889522e+02 6.827218393947646291e+00 1.694382826598566094e+00 1.985524950485392703e-05
2.410100000000000000e+04 2.136468414368330182e-01 7.384368682084520970e+02 8.634160815697434543e+00 8.379244255122317853e+00 5.980141680897492762e-01 1.366253864347401077e+02 1.023587967116836523e+02 nan 7.265890233865744285e+00 1.697091691704356808e+00 1.985521578992698234e-05
2.420100000000000000e+04 2.141031519770768277e-01 7.380167645886519949e+02 8.549580753773444286e+00 8.373905235721336382e+00 5.980990593634425423e-01 1.366672169234491037e+02 1.024074982567893102e+02 nan 7.261590944891000987e+00 1.698854627700531861e+00 1.985513660426756254e-05
2.430100000000000000e+04 2.145586824877921128e-01 7.387482469476975666e+02 8.516555490220003577e+00 8.370814828588084566e+00 5.981686586562415808e-01 1.368576128459999381e+02 1.024804791374280342e+02 nan 7.275963430853508385e+00 1.700753861097734854e+00 1.985482333155534114e-05
2.440100000000000000e+04 2.150116176069226670e-01 7.410198118818084367e+02 8.503865596798553028e+00 8.370149658992074748e+00 5.982301346975084089e-01 1.372432260254402081e+02 1.026189739639361420e+02 nan 7.304588320195382067e+00 1.699884142434184842e+00 1.985449579532047525e-05
2.450100000000000000e+04 2.154608461571656530e-01 7.442437163993166678e+02 8.501422909223759206e+00 8.372035308351122751e+00 5.982883663495446314e-01 1.377406301626552647e+02 1.028362601630348223e+02 nan 7.338818115911495354e+00 1.697260145874259107e+00 1.985434250118330525e-05
2.460100000000000000e+04 2.159071142721261660e-01 7.473090351456044118e+02 8.503482225691929131e+00 8.376287364165746041e+00 5.983447821160641222e-01 1.381919392492040117e+02 1.031062093809465523e+02 nan 7.368525371677804081e+00 1.693830710065682421e+00 1.985434727443825058e-05
2.470100000000000000e+04 2.163520687971410006e-01 7.495334205813271637e+02 8.506460045043986895e+00 8.382418635849948174e+00 5.983992666305613106e-01 1.384991232360081597e+02 1.033880328800515258e+02 1.203756360808696968e+02 7.388539510730097071e+00 1.690437914336499592e+00 1.985440279455721277e-05
2.480100000000000000e+04 2.167969188695082483e-01 7.509321432040323998e+02 8.508740558709256163e+00 8.389823136387029479e+00 5.984510606069779470e-01 1.386655485606044635e+02 1.036517604790286100e+02 1.206849677246187440e+02 7.399468810644330041e+00 1.687692595959283670e+00 1.985444641419241288e-05
2.490100000000000000e+04 2.172420992452703536e-01 7.518623654928687756e+02 8.510055836408019658e+00 8.398047401290558156e+00 5.984993171148739188e-01 1.387469588569160805e+02 1.038839617243649940e+02 1.209603986141597574e+02 7.404916565870283129e+00 1.686165652515555502e+00 1.985447837826777458e-05
2.500100000000000000e+04 2.176876459865405011e-01 7.526296103925208172e+02 8.510723315890942331e+00 8.406968891451402470e+00 5.985434175346766583e-01 1.387948508484476520e+02 1.040801875951499511e+02 1.211987607632927109e+02 7.408576649940749270e+00 1.686187281955894068e+00 1.985451213537950114e-05
2.510100000000000000e+04 2.181335325572656969e-01 7.533713301035173799e+02 8.511190258304505818e+00 8.416673221948837380e+00 5.985830599728767520e-01 1.388371079845348675e+02 1.042373134861074391e+02 1.213959752195680579e+02 7.412901554237984136e+00 1.687466472164327103e+00 1.985454264809208343e-05
2.520100000000000000e+04 2.185797039328455649e-01 7.541281540708821467e+02 8.511881932217956859e+00 8.427026755164337857e+00 5.986182644762123584e-01 1.388856701314737450e+02 1.043518250149193705e+02 1.215453940300558600e+02 7.419069896810951192e+00 1.689195134229877659e+00 1.985455510541470195e-05
2.530100000000000000e+04 2.190260027614966409e-01 7.549075725913271526e+02 8.513126206038705845e+00 8.437381417016993623e+00 5.986494338820999017e-01 1.389454257551981868e+02 1.044224965582348688e+02 1.216419034653833648e+02 7.427293471086709786e+00 1.690503405252947067e+00 1.985454480000925734e-05
2.540100000000000000e+04 2.194721959581622805e-01 7.556776208530239956e+02 8.515061634169194704e+00 8.446800663675865906e+00 5.986773935480932396e-01 1.390144202838175431e+02 1.044522185004667847e+02 1.216854578433618173e+02 7.436948779906228602e+00 1.690870485864364392e+00 1.985452114735461370e-05
2.550100000000000000e+04 2.199180942447353793e-01 7.563490988559399284e+02 8.517599454748342680e+00 8.454548550874301682e+00 5.987032602394297687e-01 1.390819735653192595e+02 1.044464285330195423e+02 nan 7.446694795018430568e+00 1.690279772109752887e+00 1.985449692498223516e-05
2.560100000000000000e+04 2.203637998637202888e-01 7.567508854413800918e+02 8.534529005214062991e+00 8.460149897601510816e+00 5.987185958559173571e-01 1.389504591551654471e+02 1.044844106567560971e+02 1.217234132984197572e+02 6.953507694737924183e+00 1.682932762085304290e+00 1.985463970035749454e-05
2.570100000000000000e+04 2.208110048834635852e-01 7.557048745117298267e+02 8.616358172863421316e+00 8.462262154229652111e+00 5.986740271529422674e-01 1.387305049934282692e+02 1.043595843370618610e+02 1.215671073686291948e+02 6.951087882368422122e+00 1.678872698952488252e+00 1.985478902151425904e-05
2.580100000000000000e+04 2.212602767726211950e-01 7.532969545910755187e+02 8.654309407414192634e+00 8.462023389804146589e+00 5.986394990395684790e-01 1.383318187977349112e+02 1.041909697683704081e+02 1.213574724252443104e+02 6.928925938268283069e+00 1.677528622757943788e+00 1.985512948909648001e-05
2.590100000000000000e+04 2.217130306385562410e-01 7.495392021373766056e+02 8.666852545944152553e+00 8.459693352677302158e+00 5.986168110578147239e-01 1.377729873835261287e+02 1.039518797883072239e+02 1.210668596913677391e+02 6.895480077151606935e+00 1.678196881781654604e+00 1.985545650059408271e-05
2.600100000000000000e+04 2.221699637915720837e-01 7.451901298485666985e+02 8.665865980883914688e+00 8.455027866455040453e+00 5.986005309583787293e-01 1.371633535995316606e+02 1.036387576804350914e+02 1.206948463629132959e+02 6.868332560939744091e+00 1.680804994220093551e+00 1.985558803805361646e-05
2.610100000000000000e+04 2.226299906953854713e-01 7.413865099650362254e+02 8.657865314968965720e+00 8.448008637184175385e+00 5.985895753477832315e-01 1.366606214415128022e+02 1.032853345784481292e+02 1.202820790123254255e+02 6.852863126977487340e+00 1.687851683431141225e+00 1.985554326030540589e-05
2.620100000000000000e+04 2.230911750570021557e-01 7.387535523237345387e+02 8.648614949006255159e+00 8.439036806887445508e+00 5.985830789488731929e-01 1.363470645141506168e+02 1.029392807236989711e+02 nan 6.842610737842274915e+00 1.693762770541127560e+00 1.985544067112062546e-05
2.630100000000000000e+04 2.235521190605194719e-01 7.371777759297604007e+02 8.642274510933653175e+00 8.428743423858808370e+00 5.985794239969181030e-01 1.361972747312635477e+02 1.026364237307916909e+02 nan 6.828295786940056900e+00 1.697963897014458379e+00 1.985536158781424788e-05
2.640100000000000000e+04 2.240123901809640827e-01 7.361824720081588111e+02 8.639976641512271627e+00 8.417679570835009173e+00 5.985773045521055602e-01 1.361344767743914872e+02 1.023930687679995373e+02 1.192424390018063036e+02 6.808567538449409540e+00 1.700517664018464048e+00 1.985532322793191322e-05
2.650100000000000000e+04 2.244721590327677097e-01 7.353467095442840673e+02 8.640275887607275607e+00 8.406164532092486041e+00 5.985766133680988643e-01 1.360907003893372007e+02 1.022119073982096040e+02 1.190210228607193130e+02 6.786144801268990889e+00 1.701659006080448622e+00 1.985531689717374686e-05
2.660100000000000000e+04 2.249317905590744737e-01 7.344629893921360235e+02 8.641585364234364519e+00 8.394397565771825498e+00 5.985774360768361113e-01 1.360280221279694501e+02 1.020885198091190205e+02 1.188625446487447022e+02 6.759539898528586832e+00 1.701864143857159117e+00 1.985533777031197312e-05
2.670100000000000000e+04 2.253916720926726069e-01 7.334952226227326264e+02 8.643394985903174899e+00 8.382748719463553044e+00 5.985789876353105887e-01 1.359348126943112050e+02 1.020153690637341413e+02 1.187624051986121145e+02 6.725936469356406100e+00 1.701819599012032613e+00 1.985538593613892134e-05
2.680100000000000000e+04 2.258511093369363898e-01 7.330623559840205417e+02 8.577670212961141516e+00 8.372963229685900899e+00 5.986302177226575649e-01 1.361180034140479904e+02 1.019569655619327051e+02 nan 7.200961310716853525e+00 1.709296293124617616e+00 1.985521587495238675e-05
2.690100000000000000e+04 2.263090238607438909e-01 7.339796427157513108e+02 8.521314618906117744e+00 8.366097286981084125e+00 5.987058939930198775e-01 1.363587600528697124e+02 1.020450172333551109e+02 nan 7.216488633826308785e+00 1.708619836621691368e+00 1.985496013055216094e-05
2.700100000000000000e+04 2.267645675279094664e-01 7.362849846172833850e+02 8.498439362444276668e+00 8.361883010453340148e+00 5.987681812271795634e-01 1.367688148898139673e+02 1.022000831455171976e+02 nan 7.246907613287650207e+00 1.703471192922746624e+00 1.985459257475476479e-05
2.710100000000000000e+04 2.272162680007727142e-01 7.398282996392615587e+02 8.490535131932031021e+00 8.360791578510031741e+00 5.988256160455700527e-01 1.373246675427326409e+02 1.024467659135098785e+02 nan 7.286235791568579145e+00 1.700663117222335430e+00 1.985434520034751757e-05
2.720100000000000000e+04 2.276642334695013481e-01 7.436246207797298666e+02 8.490138372037305814e+00 8.362962357817501413e+00 5.988808893717418869e-01 1.378874772661758357e+02 1.027681157334370852e+02 1.196380086737897415e+02 7.324198664460282338e+00 1.699046107062768707e+00 1.985428347489931922e-05
2.730100000000000000e+04 2.281099756833531444e-01 7.467750200568191303e+02 8.492629137396418670e+00 8.368112768756013509e+00 5.989343389284867980e-01 1.383293885677171602e+02 1.031218378199517076e+02 1.200536897404643923e+02 7.353638973806935653e+00 1.695946188105583508e+00 1.985431796125961310e-05
2.740100000000000000e+04 2.285550109017992770e-01 7.490479656506322499e+02 8.495544364476925736e+00 8.375658075760911814e+00 5.989852934439932053e-01 1.386186481800765478e+02 1.034686536515999791e+02 1.204614597729397047e+02 7.373316320537133706e+00 1.692447565755596406e+00 1.985435821518111656e-05
2.750100000000000000e+04 2.290000759719703627e-01 7.507178247034810283e+02 8.498080738670431344e+00 8.384965739822284547e+00 5.990327863763094118e-01 1.387987422655640444e+02 1.037864489645776729e+02 1.208389241723898238e+02 7.386062036389506424e+00 1.689769298092688166e+00 1.985438297212982524e-05
2.760100000000000000e+04 2.294453150844896483e-01 7.521285468855927547e+02 8.500281249123423422e+00 8.395609699434867679e+00 5.990759907525037287e-01 1.389263375985705125e+02 1.040665862802405286e+02 1.211780884482743943e+02 7.395664937731396549e+00 1.688785704371008611e+00 1.985440775523220422e-05
2.770100000000000000e+04 2.298907161315729697e-01 7.534601609266193236e+02 8.502419660543374391e+00 8.407431217699130599e+00 5.991144070212479633e-01 1.390360086100145622e+02 1.043049211129697937e+02 1.214738108354112853e+02 7.404934402860686049e+00 1.689516130462055621e+00 1.985443787999842472e-05
2.780100000000000000e+04 2.303362745151081303e-01 7.547544495356836478e+02 8.504774734301021155e+00 8.420262067142415319e+00 5.991478814347436233e-01 1.391411431960565039e+02 1.044970299574081452e+02 1.217184321346310867e+02 7.415312967101208130e+00 1.691153777255104629e+00 1.985446080744257815e-05
2.790100000000000000e+04 2.307819283561341750e-01 7.560068939225781151e+02 8.507585890793460948e+00 8.433536478123395241e+00 5.991766314185275055e-01 1.392460873520926157e+02 1.046392046239942033e+02 1.219037988807706085e+02 7.427220553021398608e+00 1.692584087550532246e+00 1.985446527389697226e-05
2.800100000000000000e+04 2.312275186164597929e-01 7.571919643684782386e+02 8.510989369449823982e+00 8.446282079637100537e+00 5.992013129083733070e-01 1.393506772972052659e+02 1.047311043697768440e+02 1.220256106895668324e+02 7.440321266076638906e+00 1.692962711348377836e+00 1.985445389273305053e-05
2.810100000000000000e+04 2.316728688360801813e-01 7.582408489267263576e+02 8.514946768459525472e+00 8.457539046359443091e+00 5.992229789328032963e-01 1.394480760149070591e+02 1.047757495112889501e+02 nan 7.453587216602988619e+00 1.692079207170717137e+00 1.985443776143112546e-05
2.820100000000000000e+04 2.321178917821829502e-01 7.590419744241353328e+02 8.519252009640560175e+00 8.466736926072243818e+00 5.992428638518746409e-01 1.395249391283408329e+02 1.047771902243574118e+02 nan 7.465498674825967740e+00 1.690314947281355673e+00 1.985442501245502918e-05
2.830100000000000000e+04 2.325626195196480450e-01 7.594826417420308644e+02 8.523616035776285571e+00 8.473720303027970857e+00 5.992621268222175779e-01 1.395669089432275598e+02 1.047388975307222410e+02 nan 7.474517263759782537e+00 1.688231179339524601e+00 1.985441642502596557e-05
2.840100000000000000e+04 2.330071556047909609e-01 7.594951588543754042e+02 8.527756293642685392e+00 8.478557556653635530e+00 5.992817043189330173e-01 1.395649083206471914e+02 1.046641165920382832e+02 nan 7.479558893755116067e+00 1.686164109011211387e+00 1.985440899691637195e-05
2.850100000000000000e+04 2.334516140228408976e-01 7.590725012744658216e+02 8.531439631069254403e+00 8.481385260631926215e+00 5.993022869575888034e-01 1.395174507800142294e+02 1.045569991789617461e+02 nan 7.480164482578528506e+00 1.684154544955162258e+00 1.985440074244659511e-05
2.860100000000000000e+04 2.338960910694417583e-01 7.582538219938498969e+02 8.534483270482732920e+00 8.482369557829450457e+00 5.993243456901711230e-01 1.394288088345680308e+02 1.044231932817372268e+02 nan 7.476369039768187008e+00 1.682134377486173449e+00 1.985439210279981717e-05
2.870100000000000000e+04 2.343406678665932164e-01 7.571022493892420471e+02 8.536742220601071907e+00 8.481718647918446763e+00 5.993481497584082218e-01 1.393060192900626930e+02 1.042697333237689321e+02 nan 7.468492058047623061e+00 1.680094140829100802e+00 1.985438463729932289e-05
2.880100000000000000e+04 2.347854195061239990e-01 7.556916838299862320e+02 8.538100848480503657e+00 8.479679958303940168e+00 5.993737726259502629e-01 1.391570679929659207e+02 1.041046824184893751e+02 nan 7.457023522980604113e+00 1.678122587651249331e+00 1.985437965619216204e-05
2.890100000000000000e+04 2.352304168755932900e-01 7.541031000287472352e+02 8.538471885713322607e+00 8.476519032945461163e+00 5.994011043600040445e-01 1.389904213065130136e+02 1.039367361077223251e+02 nan 7.442607428792725521e+00 1.676380078082728042e+00 1.985437795581371044e-05
2.900100000000000000e+04 2.356757228546196015e-01 7.524230833930827202e+02 8.537802101275929090e+00 8.472505747729600856e+00 5.994298780160534079e-01 1.388149669561062467e+02 1.037746730222133493e+02 nan 7.426040246762550368e+00 1.675056895586188199e+00 1.985438005180548658e-05
2.910000000000000000e+04 2.361169298564327335e-01 7.541982603183887477e+02 8.531797717810661652e+00 8.394567189477882607e+00 5.945017581534690621e-01 1.380034420243117665e+02 1.035218582446482429e+02 1.205320717366033847e+02 7.743854650648440696e+00 1.720008415070201968e+00 1.985459609564941037e-05
2.920000000000000000e+04 2.365608251240949311e-01 7.542191074372869934e+02 8.496768827920803346e+00 8.400544562934896931e+00 5.946003410767094488e-01 1.380421640619315156e+02 1.034654282224488782e+02 nan 7.734156940964149740e+00 1.711393996815930407e+00 1.985455299788417883e-05
2.930000000000000000e+04 2.370051604666404965e-01 7.542178834546966755e+02 8.530018116630134983e+00 8.405393802698275962e+00 5.946471799574821748e-01 1.378635473311097428e+02 1.034630573835134442e+02 1.204693449623079573e+02 7.378311786235467906e+00 1.715343019888286413e+00 1.985463815528963535e-05
2.940000000000000000e+04 2.374500224313673691e-01 7.538109746529823951e+02 8.563118393661952155e+00 8.408709888849335456e+00 5.946705378443927215e-01 1.377508439597885683e+02 1.034378475837534808e+02 1.204391847391506047e+02 7.335183991065809650e+00 1.720244467097609808e+00 1.985477272442361536e-05
2.950000000000000000e+04 2.378957986039542394e-01 7.525832957658591340e+02 8.576665922276918153e+00 8.411120583762240699e+00 5.946980398804099233e-01 1.375430911426018383e+02 1.034095952428071712e+02 1.204034411620832827e+02 7.308348611955843843e+00 1.722441439696429599e+00 1.985508986916153623e-05
2.960000000000000000e+04 2.383442915186538003e-01 7.502565498098877015e+02 8.584919701685837623e+00 8.412504943762908027e+00 5.947213594797153835e-01 1.371665015329666630e+02 1.033170280670441201e+02 1.202917310408672762e+02 7.226600358768503263e+00 1.720931500309859974e+00 1.985538044215095956e-05
2.970000000000000000e+04 2.387964626895484888e-01 7.473948727316608256e+02 8.598410413591150103e+00 8.412343294120196546e+00 5.947301053725717601e-01 1.366928556550925293e+02 1.031562739286613919e+02 1.201034169751815170e+02 7.103332533403544424e+00 1.718259988407436101e+00 1.985553927779534780e-05
2.980000000000000000e+04 2.392516919589518232e-01 7.447255139213133361e+02 8.614846858812894581e+00 8.410266136211664190e+00 5.947251339615879928e-01 1.362491967197622955e+02 1.029574072727431400e+02 1.198755499721460751e+02 6.996033939492499520e+00 1.715166844345936692e+00 1.985564196198084992e-05
2.990000000000000000e+04 2.397080789862424677e-01 7.429923423624697989e+02 8.572270614378407316e+00 8.407015336018231366e+00 5.947672751462483864e-01 1.361832362428853003e+02 1.029727460591786752e+02 nan 7.342081144738926923e+00 1.725787378856844523e+00 1.985551754555369729e-05
3.000000000000000000e+04 2.401640586986082404e-01 7.425152996998872368e+02 8.536415928439922141e+00 8.402984185387666116e+00 5.948350602292209466e-01 1.361977262828669950e+02 1.027815135539377565e+02 nan 7.344408514073904826e+00 1.724899806965251248e+00 1.985534648542638478e-05
3.010000000000000000e+04 2.406187252248858655e-01 7.431366004271280872e+02 8.521226775794279007e+00 8.397975001309845311e+00 5.948956515340440010e-01 1.363732011282597512e+02 1.026179800695315123e+02 nan 7.359178317854895290e+00 1.725189155313687772e+00 1.985503736516332020e-05
3.020000000000000000e+04 2.410705838009852831e-01 7.446760634984923399e+02 8.516361259778845394e+00 8.392327796278324925e+00 5.949556292860117557e-01 1.366777960574188739e+02 1.025185314845453917e+02 1.193781029393753954e+02 7.381157669394348808e+00 1.725550981620119773e+00 1.985479267994173574e-05
3.030000000000000000e+04 2.415201912524682082e-01 7.457940559035255319e+02 8.564589462199776904e+00 8.385777593363565430e+00 5.949691126572653754e-01 1.367390934090711880e+02 1.022651313972432803e+02 1.190523618764024718e+02 7.077173186947648631e+00 1.714743575470706549e+00 1.985490480166741389e-05
3.040000000000000000e+04 2.419691036194755451e-01 7.456129705068126441e+02 8.577480423094005602e+00 8.379065935666686116e+00 5.949870752892216785e-01 1.367980493872407521e+02 1.022901408752427557e+02 1.190594663282575993e+02 7.213446046736130768e+00 1.721227491532488552e+00 1.985505969053342912e-05
3.050000000000000000e+04 2.424185284496368220e-01 7.444253084688132276e+02 8.541805073395146053e+00 8.373368186341005881e+00 5.950491309670531415e-01 1.368862096386502003e+02 1.023075681825887244e+02 nan 7.605696411638015242e+00 1.721585640931617478e+00 1.985501335250137130e-05
3.060000000000000000e+04 2.428682409403208065e-01 7.438132579752028732e+02 8.485586605097894974e+00 8.369515201591234188e+00 5.951538808467796704e-01 1.369142992356544255e+02 1.024021599215261347e+02 nan 7.623595627703171118e+00 1.718362741037288588e+00 1.985480094527402911e-05
3.070000000000000000e+04 2.433171333149359572e-01 7.447730912413929900e+02 8.463277747187980538e+00 8.367015146084179733e+00 5.952492399861006867e-01 1.371361854286898563e+02 1.025101821487244962e+02 nan 7.647617083451326181e+00 1.717980241422658150e+00 1.985434490492225292e-05
3.080000000000000000e+04 2.437624037843042490e-01 7.477025208325899257e+02 8.457468608279601341e+00 8.366650341519248357e+00 5.953441741840433954e-01 1.376176848015515759e+02 1.027765641900085853e+02 1.196098869965019702e+02 7.674508335466784459e+00 1.725647178552057515e+00 1.985399342307109439e-05
3.090000000000000000e+04 2.442035626001674564e-01 7.512568272182568307e+02 8.477242138251686043e+00 8.368861812754722962e+00 5.954338624454764695e-01 1.381275809731930906e+02 1.031797520249008926e+02 1.200980726778574876e+02 7.570155688899453672e+00 1.738194890146761651e+00 1.985393650409227666e-05
3.100000000000000000e+04 2.446436756042710270e-01 7.531060656515464871e+02 8.557063664506976863e+00 8.372772908770002687e+00 5.954673833278758543e-01 1.381340329540714436e+02 1.033369005082102632e+02 1.202827223543880706e+02 7.146897356431358261e+00 1.740535239122145805e+00 1.985438728646555880e-05
3.110000000000000000e+04 2.450860946779633842e-01 7.520906610045183243e+02 8.619902305540108500e+00 8.377739734007427330e+00 5.954778119395934821e-01 1.378580825959179492e+02 1.034859786896056022e+02 1.204580016376651912e+02 7.015967456767270072e+00 1.747000718144237963e+00 1.985494967234239616e-05
3.120000000000000000e+04 2.455335506984871463e-01 7.484522132948733315e+02 8.648791709044457932e+00 8.382666672354590176e+00 5.954905811648185665e-01 1.372509357247459434e+02 1.035323776967147467e+02 1.205173517787126087e+02 6.956799385172107719e+00 1.752930599087984431e+00 1.985553672872627159e-05
3.130000000000000000e+04 2.459874824458479214e-01 7.436162864252794407e+02 8.643276107287405807e+00 8.386462861858980489e+00 5.955141832325547835e-01 1.365373596486558654e+02 1.034635096425106155e+02 1.204531150844768490e+02 6.992272553421596371e+00 1.755519038187164371e+00 1.985584578917415303e-05
3.140000000000000000e+04 2.464461484618362397e-01 7.399014533742365529e+02 8.586703890617824797e+00 8.389315486613442729e+00 5.955738867032301931e-01 1.362174638820441146e+02 1.033716015484994415e+02 nan 7.390851669550345449e+00 1.751022107087401913e+00 1.985556102740279664e-05
3.150000000000000000e+04 2.469047387510223956e-01 7.396554912846426078e+02 8.496982520401505923e+00 8.392714189904090460e+00 5.956798878463720470e-01 1.362760848360294403e+02 1.030091668222463426e+02 nan 7.562400930898087736e+00 1.721233064037193783e+00 1.985509078766531431e-05
3.160000000000000000e+04 2.473601749135550532e-01 7.426963652781155361e+02 8.489231543598146246e+00 8.396200642205560172e+00 5.957328887619768309e-01 1.365535100909833091e+02 1.028651250609724741e+02 1.198372218966573257e+02 7.239757715880969613e+00 1.719400845971624125e+00 1.985469670979035761e-05
3.170000000000000000e+04 2.478108309822945610e-01 7.471152359347838683e+02 8.518635212352332786e+00 8.399014907510432337e+00 5.957431303231150999e-01 1.371667267683245939e+02 1.029074290246795726e+02 1.199005888435525975e+02 7.288203804089441462e+00 1.728690022139628413e+00 1.985448908625214628e-05
3.180000000000000000e+04 2.482565776806529567e-01 7.510948440760430458e+02 8.500669288560938952e+00 8.402053204833473288e+00 5.957885535080477135e-01 1.379207134532828434e+02 1.030226705015633826e+02 nan 7.668230254243574073e+00 1.729477108176131317e+00 1.985448279732010432e-05
3.190000000000000000e+04 2.486999926833514118e-01 7.537839521053347198e+02 8.472849972253396089e+00 8.405015485256129182e+00 5.958628732561466190e-01 1.383588454654596944e+02 1.031916093334793629e+02 nan 7.700076799068380495e+00 1.724205167006201744e+00 1.985452586502045705e-05
3.200000000000000000e+04 2.491443021496039245e-01 7.547680151892785716e+02 8.512698173680750102e+00 8.405636223477564783e+00 5.958893309356220191e-01 1.383566483386660764e+02 1.033442374555749694e+02 1.203310403152435129e+02 7.425893901402267794e+00 1.725901394216670992e+00 1.985451953754654913e-05
3.210000000000000000e+04 2.495873319921654565e-01 7.558354034618232618e+02 8.488630294992349334e+00 8.405716697947941185e+00 5.959574377177543347e-01 1.386691444272076410e+02 1.034350721164248768e+02 nan 7.730490984529144072e+00 1.723192766518924834e+00 1.985425846707387823e-05
3.220000000000000000e+04 2.500285960153956211e-01 7.570466047284608067e+02 8.476986877023040989e+00 8.406251549336463569e+00 5.960369502585193269e-01 1.388891076684165000e+02 1.036695721323853974e+02 nan 7.760603303855978297e+00 1.731371210512333780e+00 1.985416685593441386e-05
3.230000000000000000e+04 2.504686704153548105e-01 7.580710386881830800e+02 8.485791310738777682e+00 8.408104890318066182e+00 5.961171260695852236e-01 1.390544119351530128e+02 1.039417128752141934e+02 1.209737982483557062e+02 7.682406390218489811e+00 1.739812939596596442e+00 1.985407734955158202e-05
3.240000000000000000e+04 2.509088748123677326e-01 7.581517216499187271e+02 8.554795556849351001e+00 8.410985264439448272e+00 5.961531500085179847e-01 1.388339729950479011e+02 1.039665242597065458e+02 1.210010954726148924e+02 7.220335675662211017e+00 1.739742655864092047e+00 1.985432286328450845e-05
3.250000000000000000e+04 2.513510329125564491e-01 7.562314219082585396e+02 8.629712365326980716e+00 8.414181163346544423e+00 5.961487680107067089e-01 1.384230193277920762e+02 1.039165108735491998e+02 1.209458540662102166e+02 7.028210934059455184e+00 1.746496812970261381e+00 1.985476315613265871e-05
3.260000000000000000e+04 2.517971577532533978e-01 7.519418679734591251e+02 8.672673746609365963e+00 8.416761330205794422e+00 5.961426592424521331e-01 1.377255861566336819e+02 1.037778246316760971e+02 1.207912997527420345e+02 6.916894254112610163e+00 1.752107703659409266e+00 1.985540283065787438e-05
3.270000000000000000e+04 2.522497653499529702e-01 7.457955741373956471e+02 8.684922186376264008e+00 8.417395238369607569e+00 5.961410918686931293e-01 1.368169762983051498e+02 1.035398114461928714e+02 1.205281554926621226e+02 6.858067498374328608e+00 1.758551905141985339e+00 1.985589871021493260e-05
3.280000000000000000e+04 2.527091198029642327e-01 7.396229874973349752e+02 8.669622139579839626e+00 8.415527380969697546e+00 5.961502535367106947e-01 1.359716029739037140e+02 1.032245752274867527e+02 1.201852675277996525e+02 6.889321739907712683e+00 1.755074408998116509e+00 1.985601657882442810e-05
3.290000000000000000e+04 2.531720902453371003e-01 7.355786789809354786e+02 8.612997081362253837e+00 8.411835392803338252e+00 5.961924398927174185e-01 1.356732183508946434e+02 1.029681086743206748e+02 nan 7.308604520724075293e+00 1.753884156583318310e+00 1.985557663671433555e-05
3.300000000000000000e+04 2.536330452864566376e-01 7.355738712028097552e+02 8.509975215051706954e+00 8.408221232469788475e+00 5.962965781528546394e-01 1.358425438808782815e+02 1.024745737424514118e+02 nan 7.516069612807822153e+00 1.728926421401204117e+00 1.985506061597813060e-05
3.310000000000000000e+04 2.540899307049992450e-01 7.386736832391404732e+02 8.507257955198294752e+00 8.404170464284199227e+00 5.963387450036872206e-01 1.361725008178994756e+02 1.022868486265327306e+02 1.191557192452476528e+02 7.170951525010370808e+00 1.720888704257011126e+00 1.985468259492162606e-05
3.320000000000000000e+04 2.545416257030936324e-01 7.429237459267960730e+02 8.532654012746707650e+00 8.399759567128233684e+00 5.963467674708204935e-01 1.368048662008480392e+02 1.023267742860444969e+02 1.191986901139399464e+02 7.212588545872844037e+00 1.728093389608662100e+00 1.985450294607793266e-05
3.330000000000000000e+04 2.549888487805047066e-01 7.463534701879439126e+02 8.531836526815924415e+00 8.396128843228432004e+00 5.963776653880233924e-01 1.375110244395468158e+02 1.024594969865885474e+02 nan 7.614604314433455201e+00 1.734127932824377716e+00 1.985451278800138875e-05
3.340000000000000000e+04 2.554338055570348209e-01 7.485839521537336623e+02 8.480013284556779496e+00 8.393870108821168685e+00 5.964636940921836938e-01 1.379202381681576242e+02 1.026933619193568603e+02 nan 7.652358082874440193e+00 1.731007324555460469e+00 1.985458044562698113e-05
3.350000000000000000e+04 2.558787820216443798e-01 7.500071178448324645e+02 8.462841132681301559e+00 8.391578974034143101e+00 5.965409656907848523e-01 1.381853041991394662e+02 1.028909630067315248e+02 nan 7.678489126173571933e+00 1.724163802329303108e+00 1.985430586052941199e-05
3.360000000000000000e+04 2.563221394877057135e-01 7.520677384424109277e+02 8.458076833124085425e+00 8.389751469303206477e+00 5.966197686641481202e-01 1.385224710435313398e+02 1.031795774749487435e+02 1.200682570684365515e+02 7.705813623318089611e+00 1.732714671529559602e+00 1.985395630554397068e-05
3.370000000000000000e+04 2.567625029860068908e-01 7.546019793095905470e+02 8.480114152724111065e+00 8.389360833082765367e+00 5.966955375429936481e-01 1.388591889424106114e+02 1.035979592985291475e+02 1.205541001553758633e+02 7.551290427484002699e+00 1.751631063956246903e+00 1.985384481778580074e-05
3.380000000000000000e+04 2.572025643370245418e-01 7.553385004152980855e+02 8.579583030340696581e+00 8.390321290476649096e+00 5.966974590356475261e-01 1.386332673915544547e+02 1.036464186240309289e+02 1.206022227459665572e+02 7.032869489652277650e+00 1.751866914309288203e+00 1.985437600441005522e-05
3.390000000000000000e+04 2.576450535442662004e-01 7.531640469851774924e+02 8.610960977920511183e+00 8.393781784524366074e+00 5.967049909481229042e-01 1.383898592747445946e+02 1.036288752084250007e+02 1.205825023341331672e+02 7.439155482305215727e+00 1.747474854243611597e+00 1.985486320032318094e-05
3.400000000000000000e+04 2.580912377401055613e-01 7.496399729387451316e+02 8.556626170032021861e+00 8.400259812339909260e+00 5.967835679328525877e-01 1.378988986695473216e+02 1.036406229335815965e+02 1.206118210085648315e+02 7.394895057177375719e+00 1.740472573428933245e+00 1.985526722304881925e-05
3.410000000000000000e+04 2.585425927182057326e-01 7.459190104623795605e+02 8.531155804105255314e+00 8.405996840965826777e+00 5.968424373014520334e-01 1.373816114548213534e+02 1.035281876679142670e+02 nan 7.355396735382731421e+00 1.740623684010084826e+00 1.985516807062827195e-05
3.420000000000000000e+04 2.589972344823163186e-01 7.435800358005086537e+02 8.600543673037829961e+00 8.408493212217331703e+00 5.968261802974489383e-01 1.368040630121716106e+02 1.034228761760607824e+02 1.204184481250282630e+02 6.793486475225511967e+00 1.752397764404076907e+00 1.985510334064770037e-05
3.430000000000000000e+04 2.594523732459354526e-01 7.424915199225781635e+02 8.638114543080678942e+00 8.408851591821226990e+00 5.968008661988891683e-01 1.366018329482401725e+02 1.032991159779633819e+02 1.203085247676176976e+02 6.829653442148146070e+00 1.751125753352020809e+00 1.985521280887842478e-05
3.440000000000000000e+04 2.599078758336637596e-01 7.415420459502443009e+02 8.642320088816642709e+00 8.409498855762668867e+00 5.967970716666326503e-01 1.364550193865561596e+02 1.032112514765933184e+02 1.202318114178701336e+02 6.875712458291353357e+00 1.686697471511800828e+00 1.985553779993844844e-05
3.450000000000000000e+04 2.603655764493453262e-01 7.401147848611969948e+02 8.623718081902939758e+00 8.410132164435378144e+00 5.968108466688696323e-01 1.363082377000191912e+02 1.031145491108748757e+02 1.201357752107781494e+02 6.992315002188778550e+00 1.689997087310329604e+00 1.985565653810173882e-05
3.460000000000000000e+04 2.608243948568380599e-01 7.395424876774820859e+02 8.556581644156128874e+00 8.409830721132340869e+00 5.968710540590611568e-01 1.364941304225970100e+02 1.030199094526097241e+02 nan 7.431575236028045595e+00 1.755012793910333935e+00 1.985523525921472642e-05
3.470000000000000000e+04 2.612807336315205453e-01 7.415380339534124232e+02 8.482820598073894658e+00 8.408432599305335486e+00 5.969602968831652090e-01 1.368856279531958364e+02 1.027533721476621196e+02 nan 7.567065146022954103e+00 1.727246122761012304e+00 1.985470042223034710e-05
3.480000000000000000e+04 2.617327919430142980e-01 7.455146626876573919e+02 8.496246218703475961e+00 8.405376235820456898e+00 5.969933391926803834e-01 1.373315082784393724e+02 1.027731137368395764e+02 1.197103184555362390e+02 7.299685468077765194e+00 1.728174071792299094e+00 1.985436661135364062e-05
3.490000000000000000e+04 2.621788161824292751e-01 7.502775815304831895e+02 8.475090229604875347e+00 8.402892335215000230e+00 5.970487201705659830e-01 1.382135294113710415e+02 1.029563784195072884e+02 nan 7.668551542067007176e+00 1.736011109675045017e+00 1.985406022598305481e-05
3.500000000000000000e+04 2.626201986577919034e-01 7.542940458863449749e+02 8.469871453934707972e+00 8.402402412333652038e+00 5.971246579022404521e-01 1.388527825611528215e+02 1.033610180620869130e+02 nan 7.652053414049489355e+00 1.750270363325695966e+00 1.985405205074934772e-05
3.510000000000000000e+04 2.630604387256044729e-01 7.562960179173689994e+02 8.520125398775505232e+00 8.402698142316474161e+00 5.971723517448773721e-01 1.389765412385749812e+02 1.035524982312646642e+02 1.205447576505566332e+02 7.260097530297372259e+00 1.749914335092742190e+00 1.985421845391537783e-05
3.520000000000000000e+04 2.635021445888401925e-01 7.557872773673116171e+02 8.598917700075514148e+00 8.402463958456028337e+00 5.971699159573852222e-01 1.387660121912440445e+02 1.036349281281680561e+02 1.206101295180519912e+02 7.053381405062760123e+00 1.764531660352391951e+00 1.985448200065839040e-05
3.530000000000000000e+04 2.639465357902265885e-01 7.528121474177734171e+02 8.639110493909242905e+00 8.402179850053549615e+00 5.971693071272187181e-01 1.384078184230256170e+02 1.035520924049265972e+02 1.204890717728622604e+02 7.436980190178691608e+00 1.663172471658731943e+00 1.985485578670740864e-05
3.540000000000000000e+04 2.643937452952578315e-01 7.492126681756119524e+02 8.566908603945332601e+00 8.403369064202429684e+00 5.972534365216571883e-01 1.379278313308760460e+02 1.035418201790970016e+02 nan 7.388897698293402705e+00 1.751213240300399043e+00 1.985522180441654452e-05
3.550000000000000000e+04 2.648453774731210353e-01 7.455909729011493710e+02 8.537325600128228942e+00 8.404999905130807747e+00 5.973161219391562859e-01 1.374482007766198137e+02 1.034243906422805992e+02 nan 7.351617327674896174e+00 1.745169181509357070e+00 1.985512557744227973e-05
3.560000000000000000e+04 2.652986099152064847e-01 7.439992538409895815e+02 8.521572441266991760e+00 8.407281134075123674e+00 5.973682639446717957e-01 1.372548525554780383e+02 1.032993442877393733e+02 nan 7.337290630044072337e+00 1.742838107607567855e+00 1.985479401867296190e-05
3.570000000000000000e+04 2.657501981312322958e-01 7.445987035860209744e+02 8.534676788142471437e+00 8.409949355270434523e+00 5.974024981257614053e-01 1.373597844891543502e+02 1.032308395159252825e+02 nan 7.343015237405755791e+00 1.743013695862463353e+00 1.985456758900539442e-05
3.580000000000000000e+04 2.662011998522300082e-01 7.451640311210140908e+02 8.624246343029817297e+00 8.411345875949429285e+00 5.973602369212260843e-01 1.371880061557217232e+02 1.032550803976329235e+02 1.202580644348926171e+02 6.813582478697646216e+00 1.679948103901071299e+00 1.985489445878009729e-05
3.590000000000000000e+04 2.666527919310877071e-01 7.444908724537008311e+02 8.653670380488183156e+00 8.412420396682609436e+00 5.973415380632342009e-01 1.370546193215332664e+02 1.032526973993981443e+02 1.202674519300613838e+02 6.828924459338145070e+00 1.684073125378157787e+00 1.985534042065128867e-05
3.600000000000000000e+04 2.671077386563384670e-01 7.421901308917514370e+02 8.654520819115424146e+00 8.412444008574347265e+00 5.973379192656349534e-01 1.367205502716808496e+02 1.032179796769416100e+02 1.202284732310992297e+02 6.865086206249839229e+00 1.686630250733093472e+00 1.985568683116637896e-05
3.610000000000000000e+04 2.675666849309559225e-01 7.395318326091969539e+02 8.628738355889201017e+00 8.410669643009409668e+00 5.973536951015976371e-01 1.363949118971772236e+02 1.031242646602792519e+02 nan 6.992941396245745622e+00 1.689853101651683565e+00 1.985567777770174273e-05
3.620000000000000000e+04 2.680266153592992251e-01 7.385831009751402689e+02 8.555140437723460778e+00 8.407617641139957243e+00 5.974187927426961586e-01 1.365052032572777989e+02 1.030297753355930297e+02 nan 7.406932700231007694e+00 1.696675416648071311e+00 1.985518706651216817e-05
3.630000000000000000e+04 2.684835427509466577e-01 7.405932754817208661e+02 8.486042149345482954e+00 8.404405916471732851e+00 5.975068966501253520e-01 1.369034960875264346e+02 1.028520089419176884e+02 nan 7.537427810781705873e+00 1.737476310608614627e+00 1.985465446300103203e-05
3.640000000000000000e+04 2.689350111186640802e-01 7.450573926413278514e+02 8.457148446380534423e+00 8.402343631845571537e+00 5.975819865626896821e-01 1.376262544767163263e+02 1.029099346313400645e+02 nan 7.594915365804361329e+00 1.739391524591011651e+00 1.985410861708563886e-05
3.650000000000000000e+04 2.693800202277168432e-01 7.504886165005905241e+02 8.465714778325880374e+00 8.401918518840613359e+00 5.976478367913899969e-01 1.384485691854284823e+02 1.032044637900442154e+02 1.202024715732218567e+02 7.541955290528469469e+00 1.757261108948963590e+00 1.985380985537996652e-05
3.660000000000000000e+04 2.698212175163238191e-01 7.542846003666868455e+02 8.544538554024644128e+00 8.402054707865413974e+00 5.976615339522529657e-01 1.387654943452080261e+02 1.033324757237878799e+02 1.203232124933153528e+02 7.118418203352512741e+00 1.679173241061717281e+00 1.985409461472801925e-05
3.670000000000000000e+04 2.702626056897016182e-01 7.545673403119004661e+02 8.619166207476004260e+00 8.402000920315533250e+00 5.976476606500058519e-01 1.386832817865715697e+02 1.034403151108039793e+02 1.204134444146153697e+02 6.962787027273038554e+00 1.669820358194356924e+00 1.985463429451609095e-05
3.680000000000000000e+04 2.707061647585266018e-01 7.522204354234039556e+02 8.563947872504050096e+00 8.402904280067849285e+00 5.977156044384388522e-01 1.385298433337603399e+02 1.034698475569853429e+02 1.204136227089326781e+02 7.424198680694342301e+00 1.670627586734474646e+00 1.985496289352450358e-05
3.690000000000000000e+04 2.711542458174087122e-01 7.486299989340352568e+02 8.536031705828317939e+00 8.403494698446047906e+00 5.977797354457785595e-01 1.380453369211485324e+02 1.034647361020181933e+02 nan 7.386032147031421857e+00 1.672602830936166018e+00 1.985502044790386696e-05
3.700000000000000000e+04 2.716053101460567110e-01 7.461335707488887010e+02 8.521268415716292566e+00 8.403624392858965564e+00 5.978329722602555574e-01 1.377104223292084839e+02 1.034104816964295566e+02 nan 7.357915196080395681e+00 1.747739645524427177e+00 1.985476997615200385e-05
3.710000000000000000e+04 2.720559090795517942e-01 7.458853811040346500e+02 8.514308932136865238e+00 8.405020348636483618e+00 5.978808672684052805e-01 1.376893227495629901e+02 1.033856954133201356e+02 nan 7.354445232149012135e+00 1.745896173061259660e+00 1.985453522226824887e-05
3.720000000000000000e+04 2.725042936317580433e-01 7.471733950178197574e+02 8.512813342837674213e+00 8.408661444322376610e+00 5.979254912551559276e-01 1.378884638056206597e+02 1.034237978765810908e+02 nan 7.365118795979644695e+00 1.745830233062445336e+00 1.985446477382305877e-05
3.730000000000000000e+04 2.729509794491197239e-01 7.487797710252559682e+02 8.513421408186433226e+00 8.414569799205899869e+00 5.979688810476069261e-01 1.381283633809134130e+02 1.035044652493780291e+02 nan 7.382689916444601153e+00 1.683381314892343994e+00 1.985447965240477641e-05
3.740000000000000000e+04 2.733969963960599103e-01 7.500181038044515844e+02 8.514930004086956217e+00 8.420967985262489464e+00 5.980099186664190603e-01 1.383097995816318360e+02 1.036014388807620321e+02 nan 7.394549584701015199e+00 1.685954294725642510e+00 1.985450620304064908e-05
3.750000000000000000e+04 2.738429147493164351e-01 7.508403242642478972e+02 8.516132344636016427e+00 8.426310724356486759e+00 5.980487325456661507e-01 1.384186560134641866e+02 1.036946634870753883e+02 1.207645992131809152e+02 7.402307128503228029e+00 1.687064690230597686e+00 1.985451796721414674e-05
3.760000000000000000e+04 2.742905123941690726e-01 7.504304063824835112e+02 8.607274308437666832e+00 8.428365134179365725e+00 5.980126219055543757e-01 1.380964340670902857e+02 1.037962388007624241e+02 1.208806415980971138e+02 6.888980072515630937e+00 1.678842766692127508e+00 1.985481985696512043e-05
3.770000000000000000e+04 2.747403227462862363e-01 7.487837550376143554e+02 8.643087846099636096e+00 8.428559862880215192e+00 5.979870718322275458e-01 1.377786797116218054e+02 1.037975535687529742e+02 1.208765125487047811e+02 6.895184800166078709e+00 1.679125347236776866e+00 1.985519400530471272e-05
3.780000000000000000e+04 2.751937006843860889e-01 7.459397654723809410e+02 8.649990452207413583e+00 8.428218503567787678e+00 5.979753951187979366e-01 1.373132911925610244e+02 1.037265421878953475e+02 1.207930880712020638e+02 6.885569243973765907e+00 1.682153922128170054e+00 1.985557324981266877e-05
3.790000000000000000e+04 2.756514866017174548e-01 7.426314786635530254e+02 8.641694433201841719e+00 8.427466990599436159e+00 5.979704923117623583e-01 1.368164050127142559e+02 1.035640906670330708e+02 1.206110980497283833e+02 6.891240032206095378e+00 1.685108234922970905e+00 1.985570077477242455e-05
3.800000000000000000e+04 2.761122736393853416e-01 7.401404236387782021e+02 8.625040700386881198e+00 8.425745921016625672e+00 5.979719501076523613e-01 1.364710489933031567e+02 1.033364389473838685e+02 1.203595120486329506e+02 6.920242222860343517e+00 1.689192998944562651e+00 1.985558107600727312e-05
3.810000000000000000e+04 2.765734543330888306e-01 7.391733094616344033e+02 8.608152142697690579e+00 8.422502081227083437e+00 5.979787142984409609e-01 1.363683996481185545e+02 1.030950840145174254e+02 1.200923534305609479e+02 6.952008274968377144e+00 1.696505788743130738e+00 1.985537249373503036e-05
3.820000000000000000e+04 2.770331299155465166e-01 7.394747944864367355e+02 8.599116573582396228e+00 8.417654796299089526e+00 5.979870152686715956e-01 1.364569848492487552e+02 1.028837722381913267e+02 1.198536028866296022e+02 6.960192245580547166e+00 1.700760643409443773e+00 1.985520140561869656e-05
3.830000000000000000e+04 2.774908113864625325e-01 7.402595362350359665e+02 8.600912984079162271e+00 8.411475152565790481e+00 5.979934368322017413e-01 1.366151021910517045e+02 1.027198655131724081e+02 1.196588720866833455e+02 6.942728982286531902e+00 1.702200557104284195e+00 1.985511149258048993e-05
3.840000000000000000e+04 2.779469905148189146e-01 7.407910464679395091e+02 8.610060520664386985e+00 8.404258013035295960e+00 5.979979522747811416e-01 1.367341894810127201e+02 1.026020708913740407e+02 1.195061830876397408e+02 6.913256395304817836e+00 1.701275797993848871e+00 1.985509968813333696e-05
3.850000000000000000e+04 2.784025539190405074e-01 7.406659027314501600e+02 8.621768072004330818e+00 8.396204380727798622e+00 5.980020524180391650e-01 1.367515262849419173e+02 1.025217011790881116e+02 1.193891046835006193e+02 6.875790827704424402e+00 1.698383226611038133e+00 1.985515107488857340e-05
3.860000000000000000e+04 2.788584286691528358e-01 7.398196648824130079e+02 8.633526948440794158e+00 8.387637933317627414e+00 5.980059960435764044e-01 1.366519223535462686e+02 1.024669441249284603e+02 1.193003276018790331e+02 6.827747460707508154e+00 1.694423298292797142e+00 1.985524836459536820e-05
3.870000000000000000e+04 2.793153313601277610e-01 7.384396124608019818e+02 8.636135460536292996e+00 8.379305081128974209e+00 5.980130209336064206e-01 1.366246914542867046e+02 1.023580705622847233e+02 nan 7.265962480197027062e+00 1.697069705177070231e+00 1.985521535943754714e-05
3.880000000000000000e+04 2.797716401001987818e-01 7.380161886475111714e+02 8.550083405895488653e+00 8.373947415091397062e+00 5.980982883082102131e-01 1.366661681810772961e+02 1.024069484141669619e+02 nan 7.261526780172468776e+00 1.698816437474828467e+00 1.985513875194746091e-05
3.890000000000000000e+04 2.802271864975564020e-01 7.387332658406905921e+02 8.516760953560991609e+00 8.370834144655727727e+00 5.981680155692784551e-01 1.368547324682583337e+02 1.024794838312819678e+02 nan 7.275740614881271995e+00 1.700750582701918479e+00 1.985482699599708042e-05
3.900000000000000000e+04 2.806801559877982188e-01 7.409906055377156235e+02 8.503930212212518214e+00 8.370143663817847468e+00 5.982295403398709688e-01 1.372385662812783664e+02 1.026171839208519714e+02 nan 7.304255708781716372e+00 1.699903052480923549e+00 1.985449834656113048e-05
3.910000000000000000e+04 2.811294207387017852e-01 7.442105259170439240e+02 8.501417309633383823e+00 8.372004146304050209e+00 5.982877937332033991e-01 1.377356354179426319e+02 1.028337599643382561e+02 nan 7.338484210509122363e+00 1.697291977042589384e+00 1.985434308864313457e-05
3.920000000000000000e+04 2.815757104547946810e-01 7.472820401976173343e+02 8.503452867046151553e+00 8.376234544630591472e+00 5.983442265675996685e-01 1.381880671430349423e+02 1.031033866091143238e+02 nan 7.368273055793850723e+00 1.693865986169728943e+00 1.985434680681545341e-05
3.930000000000000000e+04 2.820206707481033304e-01 7.495157374485672790e+02 8.506432419313140869e+00 8.382350047184669251e+00 5.983987336181963990e-01 1.384968204199389277e+02 1.033852693668900997e+02 1.203723979184801749e+02 7.388388991819642371e+00 1.690469579331490557e+00 1.985440225862933314e-05
3.940000000000000000e+04 2.824655186397269646e-01 7.509211174464804799e+02 8.508722790033523609e+00 8.389744528869410800e+00 5.984505588928460407e-01 1.386644079696613403e+02 1.036492676091585281e+02 1.206820339246902591e+02 7.399393473512819952e+00 1.687714933864278510e+00 1.985444606505132738e-05
3.950000000000000000e+04 2.829106952517276286e-01 7.518542315151971707e+02 8.510046612761726692e+00 8.397961782652158647e+00 5.984988543534481842e-01 1.387463768541746276e+02 1.038818131613416682e+02 1.209578237502145441e+02 7.404876224228542192e+00 1.686173358693067836e+00 1.985447805958826729e-05
3.960000000000000000e+04 2.833562384700027414e-01 7.526221797033476832e+02 8.510718383661780351e+00 8.406875927281669547e+00 5.985429983537986498e-01 1.387944287843040172e+02 1.040784128596786644e+02 1.211965710865364088e+02 7.408539679112887910e+00 1.686179799719097705e+00 1.985451178981163768e-05
3.970000000000000000e+04 2.838021217939971086e-01 7.533638705185655908e+02 8.511185134048645295e+00 8.416572335063722932e+00 5.985826858367098158e-01 1.388366668283807428e+02 1.042359480759721038e+02 1.213942281190286963e+02 7.412850261144451558e+00 1.687449892137657725e+00 1.985454241108691154e-05
3.980000000000000000e+04 2.842482909039639183e-01 7.541204637236376129e+02 8.511872698470153153e+00 8.426921734599217118e+00 5.986179334353488590e-01 1.388851326155370032e+02 1.043508982608166917e+02 1.215441568999395656e+02 7.418997687517483897e+00 1.689178663516119894e+00 1.985455509951626943e-05
3.990000000000000000e+04 2.846945895737255094e-01 7.548997244274289642e+02 8.513110379515984150e+00 8.437280956301997037e+00 5.986491397703246342e-01 1.389447719760813698e+02 1.044220004506717316e+02 1.216412049766688028e+02 7.427202439198257622e+00 1.690494535489287076e+00 1.985454499215814610e-05
4.000000000000000000e+04 2.851407849392038618e-01 7.556702164416701635e+02 8.515038979127838914e+00 8.446713875505832192e+00 5.986771262890921985e-01 1.390137130479943437e+02 1.044521067447549711e+02 1.216852721914238487e+02 7.436849091829114577e+00 1.690871910584607729e+00 1.985452140442766646e-05
4.010000000000000000e+04 2.855866867048066915e-01 7.563432709802301588e+02 8.517571841382110875e+00 8.454480653824214542e+00 5.987030080656722264e-01 1.390813569454093113e+02 1.044466437998465977e+02 nan 7.446602362911072248e+00 1.690289486630152105e+00 1.985449714225629632e-05
4.020000000000000000e+04 2.860323948954326401e-01 7.567764532106855313e+02 8.533515800998133116e+00 8.460111453520280378e+00 5.987188677813874982e-01 1.391160482802171146e+02 1.044069405360279887e+02 nan 7.456189477954118239e+00 1.687159126842179280e+00 1.985449217252573324e-05
4.030000000000000000e+04 2.864795738218786081e-01 7.557222492074497495e+02 8.615747902370385347e+00 8.462254439076165369e+00 5.986744786421813735e-01 1.387336854968491195e+02 1.043610503635046030e+02 1.215689424430349703e+02 6.951214644418536537e+00 1.678903512322747149e+00 1.985478638538187813e-05
4.040000000000000000e+04 2.869288189919762533e-01 7.533281773702273085e+02 8.654087423938049639e+00 8.462035754668333354e+00 5.986397693705616252e-01 1.383366729452673667e+02 1.041929614565759579e+02 1.213599255274033482e+02 6.929236572291319618e+00 1.677528832478006438e+00 1.985512571646690528e-05
4.050000000000000000e+04 2.873815317396491431e-01 7.495816305280388860e+02 8.666805947713891456e+00 8.459727860864248328e+00 5.986170028627399997e-01 1.377790968980490902e+02 1.039546669672590014e+02 1.210702088121152968e+02 6.895804570407224610e+00 1.678186456128897719e+00 1.985545406002116534e-05
4.060000000000000000e+04 2.878384257637235932e-01 7.452326108926952202e+02 8.665920799673687114e+00 8.455086497187377148e+00 5.986006665119291137e-01 1.371691524655236663e+02 1.036421664638643563e+02 1.206988580828738975e+02 6.868543638689270203e+00 1.680733815733612690e+00 1.985558776951206625e-05
4.070000000000000000e+04 2.882984312452914755e-01 7.414191182862823553e+02 8.657960297450234322e+00 8.448089463600258142e+00 5.985896606875835690e-01 1.366647507938880608e+02 1.032889081628320440e+02 1.202862275798294434e+02 6.852974500951220627e+00 1.687784916926464485e+00 1.985554418907044263e-05
4.080000000000000000e+04 2.887596125945077752e-01 7.387739881007928489e+02 8.648697835222137087e+00 8.439134142025858765e+00 5.985831268392720617e-01 1.363492791108488689e+02 1.029425701299886100e+02 nan 6.842722507212986471e+00 1.693711973107670188e+00 1.985544165478028526e-05
4.090000000000000000e+04 2.892205625749106335e-01 7.371898105491259230e+02 8.642316974622502812e+00 8.428850907263191417e+00 5.985794518102773853e-01 1.361982076140869253e+02 1.026391709604299365e+02 nan 6.828470897962416686e+00 1.697930315353808783e+00 1.985536216917466748e-05
4.100000000000000000e+04 2.896808401705616154e-01 7.361911040132051767e+02 8.639983416326021626e+00 8.417792792539035673e+00 5.985773192028307488e-01 1.361349211713122997e+02 1.023951914074418568e+02 1.192449841635619947e+02 6.808780174840113553e+00 1.700499658318505913e+00 1.985532343727543868e-05
4.110000000000000000e+04 2.901406123473164178e-01 7.353551310169692670e+02 8.640266159689385717e+00 8.406281301646119530e+00 5.985766123322645571e-01 1.360911933406689229e+02 1.022134220244596747e+02 1.190229182797833971e+02 6.786383603357042382e+00 1.701653270551074071e+00 1.985531682492634606e-05
4.120000000000000000e+04 2.906002433159147191e-01 7.344722794918986892e+02 8.641569633809336182e+00 8.394515541741695230e+00 5.985774221767186098e-01 1.360287979307084356e+02 1.020894913351103810e+02 1.188638327365724052e+02 6.759838669044591519e+00 1.701864506473955929e+00 1.985533742566641333e-05
4.130000000000000000e+04 2.910601204822509946e-01 7.335051849974597644e+02 8.643374711855589254e+00 8.382862571813703312e+00 5.985789728664319131e-01 1.359358869341794502e+02 1.020158789297447299e+02 1.187631333651201260e+02 6.726305308612083422e+00 1.701819112127379574e+00 1.985538532696862115e-05
4.140000000000000000e+04 2.915195738445544582e-01 7.330576647162274639e+02 8.578599231299065764e+00 8.373043378710738338e+00 5.986293275410301540e-01 1.361161193012347610e+02 1.019562293510154092e+02 nan 7.200879039848311791e+00 1.709271636130443417e+00 1.985521720703919849e-05
4.150000000000000000e+04 2.919775030120458359e-01 7.339643464673506514e+02 8.521659539846650588e+00 8.366153764900642997e+00 5.987052261586397472e-01 1.363556100076892221e+02 1.020438808288015622e+02 nan 7.216257140153662597e+00 1.708651176400137528e+00 1.985496365581543993e-05
4.160000000000000000e+04 2.924330793203376300e-01 7.362546069323157099e+02 8.498578029097350495e+00 8.361910272828739110e+00 5.987675899280359149e-01 1.367638248255020414e+02 1.021980846109532735e+02 nan 7.246542983167927332e+00 1.703541568870924783e+00 1.985459595424395816e-05
4.170000000000000000e+04 2.928848209168407046e-01 7.397897197158845302e+02 8.490567412749520315e+00 8.360786219750572457e+00 5.988250543058227793e-01 1.373188060182049810e+02 1.024438706177038938e+02 nan 7.285832791746968518e+00 1.700669073842380641e+00 1.985434668553034051e-05
4.180000000000000000e+04 2.933328174743730643e-01 7.435888551221992202e+02 8.490122211174426781e+00 8.362925109328108064e+00 5.988803450945396900e-01 1.378823052683150365e+02 1.027646655858562923e+02 1.196339447946469505e+02 7.323854246541710467e+00 1.699071159909986140e+00 1.985428341991622188e-05
4.190000000000000000e+04 2.937785733768775165e-01 7.467480392439661046e+02 8.492599653528362325e+00 8.368048299575395532e+00 5.989338152350044409e-01 1.383257550259127129e+02 1.031182825256622664e+02 1.200495167926447948e+02 7.353395285119041169e+00 1.695981187436351734e+00 1.985431749344138510e-05
4.200000000000000000e+04 2.942236106488944625e-01 7.490288680219211983e+02 8.495516722391563746e+00 8.375572947430752535e+00 5.989847994342805126e-01 1.386163984029365395e+02 1.034653065495566295e+02 1.204575109308769214e+02 7.373160307421365189e+00 1.692480446311023679e+00 1.985435790421428471e-05
4.210000000000000000e+04 2.946686741288895295e-01 7.507028702626969334e+02 8.498057434789954456e+00 8.384865593278117757e+00 5.990323315459554765e-01 1.387972817518124771e+02 1.037834494221980890e+02 1.208353313719741777e+02 7.385955990373791025e+00 1.689788549820033126e+00 1.985438275202362134e-05
4.220000000000000000e+04 2.951139115530602708e-01 7.521149817137110176e+02 8.500260035505323941e+00 8.395497304273790817e+00 5.990755818686577250e-01 1.389251861954170408e+02 1.040639851774615323e+02 1.211749015440198605e+02 7.395574040201431387e+00 1.688786278596419832e+00 1.985440747052481336e-05
4.230000000000000000e+04 2.955593109935405471e-01 7.534470378700475521e+02 8.502397647440876227e+00 8.407307493357940587e+00 5.991140473496275876e-01 1.390349457987309734e+02 1.043027587820142514e+02 1.214710918345853941e+02 7.404837635127334394e+00 1.689502527450392089e+00 1.985443758727735341e-05
4.240000000000000000e+04 2.960048679394813309e-01 7.547416937745979340e+02 8.504749269172512172e+00 8.420130191130704489e+00 5.991475707853490817e-01 1.391400965460360624e+02 1.044953520399514559e+02 1.217162676510479713e+02 7.415201648872784546e+00 1.691136621657658212e+00 1.985446066138647799e-05
4.250000000000000000e+04 2.964505214849814108e-01 7.559946322715792348e+02 8.507554944547077724e+00 8.433404569656262950e+00 5.991763655266404420e-01 1.392450347646926332e+02 1.046380345515793096e+02 1.219022572300920046e+02 7.427094420518689510e+00 1.692574044001925238e+00 1.985446532314126891e-05
4.260000000000000000e+04 2.968961133280943465e-01 7.571806292379657179e+02 8.510952370345165718e+00 8.446160644540038120e+00 5.992010830180110048e-01 1.393496491221448537e+02 1.047304260316223008e+02 1.220247078775181961e+02 7.440187200229636311e+00 1.692965404627594150e+00 1.985445404928288941e-05
4.270000000000000000e+04 2.973414665872264884e-01 7.582313814868591635e+02 8.514905025654341486e+00 8.457436111039484672e+00 5.992227731576900140e-01 1.394471781728310873e+02 1.047755233746009935e+02 nan 7.453458527321574323e+00 1.692093357003626730e+00 1.985443791321466251e-05
4.280000000000000000e+04 2.977864928230654629e-01 7.590355852796197951e+02 8.519208166361980972e+00 8.466655907241106505e+00 5.992426698528714457e-01 1.395243220356983898e+02 1.047773777191215743e+02 nan 7.465391572650566410e+00 1.690335009944176736e+00 1.985442511558538676e-05
4.290000000000000000e+04 2.982312230616406268e-01 7.594802929884530158e+02 8.523573067854917085e+00 8.473661293654593862e+00 5.992619339857956362e-01 1.395666981473141561e+02 1.047394668917650193e+02 nan 7.474445480845999690e+00 1.688252210508629725e+00 1.985441649984504987e-05
4.300000000000000000e+04 2.986757604795195475e-01 7.594972222542045301e+02 8.527716809916018548e+00 8.478519381085515505e+00 5.992815045279047403e-01 1.395651566815638773e+02 1.046650325742704126e+02 nan 7.479530155373039335e+00 1.686184396366616545e+00 1.985440907416786383e-05
4.310000000000000000e+04 2.991202191638790420e-01 7.590787797714203862e+02 8.531405695024272262e+00 8.481366416132157582e+00 5.993020744393928734e-01 1.395181395194052527e+02 1.045582131325766539e+02 nan 7.480180566118332486e+00 1.684174595683943787e+00 1.985440082917432230e-05
4.320000000000000000e+04 2.995646956064162980e-01 7.582637731067711684e+02 8.534456502529760513e+00 8.482368194391604277e+00 5.993241167479417264e-01 1.394298771232587342e+02 1.044246413276825365e+02 nan 7.476427888017601830e+00 1.682154747915144855e+00 1.985439218604766195e-05
4.330000000000000000e+04 3.000092710287644571e-01 7.571151764824124939e+02 8.536723917693750607e+00 8.481732461341763951e+00 5.993479026784425123e-01 1.393073904106024088e+02 1.042713394051795319e+02 nan 7.468589547513653670e+00 1.680114422864986468e+00 1.985438470134331802e-05
4.340000000000000000e+04 3.004540205595710445e-01 7.557068110241534669e+02 8.538092030608211758e+00 8.479706347960703994e+00 5.993735076141717411e-01 1.391586595935703485e+02 1.041063620428521972e+02 nan 7.457154003323075209e+00 1.678141477475332044e+00 1.985437969079580591e-05
4.350000000000000000e+04 3.008990151433864058e-01 7.541195860270343019e+02 8.538473271810623544e+00 8.476555313811786618e+00 5.994008233467315039e-01 1.389921464501510400e+02 1.039384007953745197e+02 nan 7.442763680565777307e+00 1.676395744335401838e+00 1.985437795470403969e-05
4.360000000000000000e+04 3.013443177616569879e-01 7.524400444359326912e+02 8.537814021395337960e+00 8.472549202673180346e+00 5.994295843364247922e-01 1.388167352997207047e+02 1.037762369529441884e+02 nan 7.426213631957601535e+00 1.675067457065852361e+00 1.985438001100511908e-05
