1.344910000000000000e+05 4.137628631461707229e-01 2.447841915277096803e+02 3.406518490307845592e+00 3.408570547181584143e+00 7.737115533691849567e-01 2.470615317360374661e+02 1.813012302563890898e+00 2.540595635719532286e+00 2.472034995352028641e+00 1.000000000000000000e+00 9.999999999999997430e-06
1.344920000000000000e+05 4.137650982116925502e-01 2.447841532491204362e+02 3.406517015843349760e+00 3.408571271376998446e+00 7.737116356103814763e-01 2.470616357995983776e+02 1.813012170634848541e+00 2.540595420585271214e+00 2.472034520279020153e+00 1.000000000000000000e+00 9.999999999999997430e-06
1.344930000000000000e+05 4.137673332774198798e-01 2.447841149728494656e+02 3.406515541465490848e+00 3.408571995530843779e+00 7.737117178468299050e-01 2.470617398576001449e+02 1.813012038713939900e+00 2.540595205464303064e+00 2.472034045816010384e+00 1.000000000000000000e+00 9.999999999999997430e-06
1.344940000000000000e+05 4.137695683433526561e-01 2.447840766988958308e+02 3.406514067174229332e+00 3.408572719643123694e+00 7.737118000785310201e-01 2.470618439096168117e+02 1.813011906801131445e+00 2.540594990356364047e+00 2.472033571212376213e+00 1.000000000000000000e+00 9.999999999999997430e-06
1.344950000000000000e+05 4.137718034094909347e-01 2.447840384272605547e+02 3.406512592969574538e+00 3.408573443713841744e+00 7.737118823054851546e-01 2.470619479557532543e+02 1.813011774895201045e+00 2.540594775260104576e+00 2.472033096442530553e+00 1.000000000000000000e+00 9.999999999999997430e-06
1.344960000000000000e+05 4.137740384758346601e-01 2.447840001579428701e+02 3.406511118851527797e+00 3.408574167742997041e+00 7.737119645276921975e-01 2.470620519962660353e+02 1.813011642996774642e+00 2.540594560176125061e+00 2.472032622175067917e+00 1.000000000000000000e+00 9.999999999999997430e-06
1.344970000000000000e+05 4.137762735423838323e-01 2.447839618909430612e+02 3.406509644820097105e+00 3.408574891730594913e+00 7.737120467451535921e-01 2.470621560307204732e+02 1.813011511106796148e+00 2.540594345105794183e+00 2.472032147346404862e+00 1.000000000000000000e+00 9.999999999999997430e-06
1.344980000000000000e+05 4.137785086091384512e-01 2.447839236262637144e+02 3.406508170875239827e+00 3.408575615676636694e+00 7.737121289578676731e-01 2.470622600596128677e+02 1.813011379222883246e+00 2.540594130045920274e+00 2.472031673378548788e+00 1.000000000000000000e+00 9.999999999999997430e-06
1.344990000000000000e+05 4.137807436760985169e-01 2.447838853638984347e+02 3.406506697016942198e+00 3.408576339581124159e+00 7.737122111658354395e-01 2.470623640823984886e+02 1.813011247348460753e+00 2.540593915001090775e+00 2.472031198717257627e+00 1.000000000000000000e+00 9.999999999999997430e-06
1.345000000000000000e+05 4.137829787432639739e-01 2.447838471038546118e+02 3.406505223245245517e+00 3.408577063444060418e+00 7.737122933690581128e-01 2.470624680994362450e+02 1.813011115480311020e+00 2.540593699967150343e+00 2.472030724281465197e+00 1.000000000000000000e+00 9.999999999999997430e-06
