731500	6145000	708.864624
736500	6145000	708.371704
741500	6145000	720.522034
746500	6145000	661.196655
751500	6145000	652.041321
756500	6145000	741.197754
761500	6145000	675.685303
766500	6145000	641.075562
771500	6145000	593.161438
776500	6145000	470.925507
781500	6145000	242.422607
786500	6145000	586.973572
791500	6145000	582.571228
796500	6145000	423.654633
801500	6145000	220.750092
806500	6145000	262.878601
811500	6145000	109.491173
816500	6145000	125.535378
821500	6145000	513.70105
826500	6145000	158.371033
831500	6145000	164.2724
836500	6145000	47.883369
841500	6145000	35.194145
846500	6145000	13.637538
851500	6145000	45.802097
856500	6145000	-63.97924
861500	6145000	-99.653564
866500	6145000	-108.744148
871500	6145000	-144.973175
876500	6145000	-191.602036
881500	6145000	-180.41571
886500	6145000	-501.645874
891500	6145000	-1205.325317
896500	6145000	-1586.469604
901500	6145000	-1719.451782
906500	6145000	-2245.955811
911500	6145000	-2880.65918
916500	6145000	-3069.074463
921500	6145000	-3437.608643
926500	6145000	-3926.406006
931500	6145000	-4384.866211
936500	6145000	-4733.166504
941500	6145000	-4887.46582
946500	6145000	-4924.507813
951500	6145000	-4878.194824
956500	6145000	-4822.806152
961500	6145000	-4875.14502
966500	6145000	-4876.295898
971500	6145000	-4869.90332
976500	6145000	-4800.227051
981500	6145000	-4810.496582
986500	6145000	-4871.915039
991500	6145000	-4846.402344
996500	6145000	-4802.611816
731500	6150000	739.511658
736500	6150000	664.855896
741500	6150000	643.829712
746500	6150000	693.036926
751500	6150000	666.34259
756500	6150000	640.274048
761500	6150000	718.928711
766500	6150000	679.998718
771500	6150000	731.203308
776500	6150000	595.740479
781500	6150000	612.929504
786500	6150000	722.1026
791500	6150000	495.022797
796500	6150000	492.144409
801500	6150000	433.888733
806500	6150000	81.833122
811500	6150000	93.769386
816500	6150000	252.109085
821500	6150000	102.716217
826500	6150000	229.228653
831500	6150000	393.806641
836500	6150000	155.30101
841500	6150000	100.259918
846500	6150000	75.260803
851500	6150000	43.002144
856500	6150000	-49.760559
861500	6150000	-97.392784
866500	6150000	-114.122795
871500	6150000	-144.350357
876500	6150000	-194.031616
881500	6150000	-145.392044
886500	6150000	-396.616486
891500	6150000	-1128.386475
896500	6150000	-1654.917725
901500	6150000	-1852.860962
906500	6150000	-2176.907715
911500	6150000	-2511.684814
916500	6150000	-2622.998047
921500	6150000	-2974.690674
926500	6150000	-3534.658447
931500	6150000	-4028.059082
936500	6150000	-4397.367188
941500	6150000	-4677.768066
946500	6150000	-4924.583008
951500	6150000	-5078.039551
956500	6150000	-4946.978516
961500	6150000	-4867.333984
966500	6150000	-4860.335938
971500	6150000	-4859.341797
976500	6150000	-4867.210938
981500	6150000	-4872.09082
986500	6150000	-4884.091309
991500	6150000	-4868.972168
996500	6150000	-4862.495117
731500	6155000	745.873047
736500	6155000	652.314941
741500	6155000	714.482971
746500	6155000	638.250427
751500	6155000	649.977783
756500	6155000	903.270203
761500	6155000	590.130188
766500	6155000	624.393555
771500	6155000	662.856201
776500	6155000	630.104248
781500	6155000	662.72699
786500	6155000	707.593201
791500	6155000	529.706665
796500	6155000	501.259735
801500	6155000	554.154053
806500	6155000	336.60202
811500	6155000	161.192032
816500	6155000	371.841858
821500	6155000	535.117065
826500	6155000	112.398491
831500	6155000	176.160858
836500	6155000	585.397095
841500	6155000	293.809265
846500	6155000	510.912476
851500	6155000	71.472359
856500	6155000	15.723534
861500	6155000	-83.045555
866500	6155000	-124.606522
871500	6155000	-137.982498
876500	6155000	-171.86322
881500	6155000	-188.084381
886500	6155000	-333.284241
891500	6155000	-864.149353
896500	6155000	-1468.222534
901500	6155000	-1911.49353
906500	6155000	-2236.403564
911500	6155000	-2407.625732
916500	6155000	-2438.359619
921500	6155000	-2700.450195
926500	6155000	-3204.67627
931500	6155000	-3706.314941
936500	6155000	-4093.97998
941500	6155000	-4558.242188
946500	6155000	-4917.677734
951500	6155000	-5194.632813
956500	6155000	-5130.650391
961500	6155000	-4949.000977
966500	6155000	-4869.149902
971500	6155000	-4914.307617
976500	6155000	-4964.005371
981500	6155000	-4889.834473
986500	6155000	-4808.800781
991500	6155000	-4823.507324
996500	6155000	-4907.571289
731500	6160000	739.953918
736500	6160000	772.622498
741500	6160000	751.520874
746500	6160000	763.517334
751500	6160000	673.194153
756500	6160000	761.091858
761500	6160000	733.424927
766500	6160000	592.871521
771500	6160000	649.845581
776500	6160000	587.12439
781500	6160000	680.700806
786500	6160000	640.490845
791500	6160000	694.094971
796500	6160000	608.842468
801500	6160000	691.103577
806500	6160000	315.650848
811500	6160000	583.207153
816500	6160000	701.599182
821500	6160000	637.322693
826500	6160000	225.951996
831500	6160000	245.971008
836500	6160000	677.562073
841500	6160000	321.523468
846500	6160000	-0.117813
851500	6160000	28.968763
856500	6160000	18.807602
861500	6160000	-73.603188
866500	6160000	-119.163261
871500	6160000	-137.16925
876500	6160000	-143.46312
881500	6160000	-196.030594
886500	6160000	-289.410522
891500	6160000	-591.983337
896500	6160000	-1102.329102
901500	6160000	-1709.266724
906500	6160000	-2164.001709
911500	6160000	-2343.951172
916500	6160000	-2462.506836
921500	6160000	-2614.27832
926500	6160000	-2951.69165
931500	6160000	-3445.193604
936500	6160000	-3856.369629
941500	6160000	-4306.05127
946500	6160000	-4746.396973
951500	6160000	-4993.449707
956500	6160000	-5102.038574
961500	6160000	-5004.919922
966500	6160000	-4881.989746
971500	6160000	-4960.480957
976500	6160000	-5075.726074
981500	6160000	-4955.29248
986500	6160000	-4822.396484
991500	6160000	-4852.661133
996500	6160000	-4979.806152
731500	6165000	743.366333
736500	6165000	884.149719
741500	6165000	762.944031
746500	6165000	815.660522
751500	6165000	745.565674
756500	6165000	774.756714
761500	6165000	743.290955
766500	6165000	703.425659
771500	6165000	701.570435
776500	6165000	635.913147
781500	6165000	608.341187
786500	6165000	611.29071
791500	6165000	727.439209
796500	6165000	710.468689
801500	6165000	731.046936
806500	6165000	646.4823
811500	6165000	644.884521
816500	6165000	718.343079
821500	6165000	727.164734
826500	6165000	726.155945
831500	6165000	685.488953
836500	6165000	543.962158
841500	6165000	357.5896
846500	6165000	163.032928
851500	6165000	36.592304
856500	6165000	14.945676
861500	6165000	-51.41111
866500	6165000	-102.136978
871500	6165000	-128.807648
876500	6165000	-131.711136
881500	6165000	-168.581741
886500	6165000	-244.645447
891500	6165000	-379.26532
896500	6165000	-713.152161
901500	6165000	-1297.459229
906500	6165000	-1845.183472
911500	6165000	-2085.225586
916500	6165000	-2110.327148
921500	6165000	-2300.419434
926500	6165000	-2710.449707
931500	6165000	-3256.586182
936500	6165000	-3684.461182
941500	6165000	-3999.19873
946500	6165000	-4225.089844
951500	6165000	-4422.973145
956500	6165000	-4860.514648
961500	6165000	-4968.740723
966500	6165000	-4890.833984
971500	6165000	-4928.195313
976500	6165000	-5031.702148
981500	6165000	-4937.020996
986500	6165000	-4866.52832
991500	6165000	-4938.499023
996500	6165000	-5065.396484
731500	6170000	839.434753
736500	6170000	810.249023
741500	6170000	856.083008
746500	6170000	901.240601
751500	6170000	786.241272
756500	6170000	820.725342
761500	6170000	764.371826
766500	6170000	713.848694
771500	6170000	719.815857
776500	6170000	637.735474
781500	6170000	607.74176
786500	6170000	674.729492
791500	6170000	601.340332
796500	6170000	692.160278
801500	6170000	645.29364
806500	6170000	657.838318
811500	6170000	656.616943
816500	6170000	668.088928
821500	6170000	645.131348
826500	6170000	731.437195
831500	6170000	722.702515
836500	6170000	670.035095
841500	6170000	-0.117813
846500	6170000	15.531192
851500	6170000	10.205897
856500	6170000	2.392706
861500	6170000	0.244386
866500	6170000	-92.462418
871500	6170000	-127.778976
876500	6170000	-137.710678
881500	6170000	-159.79686
886500	6170000	-201.062851
891500	6170000	-224.998093
896500	6170000	-405.211151
901500	6170000	-888.50824
906500	6170000	-1448.387207
911500	6170000	-1760.439697
916500	6170000	-1796.304077
921500	6170000	-2012.457153
926500	6170000	-2546.623779
931500	6170000	-3182.3125
936500	6170000	-3623.687744
941500	6170000	-3820.196533
946500	6170000	-4057.331055
951500	6170000	-4354.002441
956500	6170000	-4725.851563
961500	6170000	-4939.665527
966500	6170000	-4906.274902
971500	6170000	-4872.213379
976500	6170000	-4926.619141
981500	6170000	-4886.287598
986500	6170000	-4845.370117
991500	6170000	-4873.173828
996500	6170000	-5031.487305
731500	6175000	906.53949
736500	6175000	890.206116
741500	6175000	879.899231
746500	6175000	790.861084
751500	6175000	739.410889
756500	6175000	891.133118
761500	6175000	919.022278
766500	6175000	697.216736
771500	6175000	754.703857
776500	6175000	621.036011
781500	6175000	579.183838
786500	6175000	641.131042
791500	6175000	651.597778
796500	6175000	617.050293
801500	6175000	651.013
806500	6175000	668.389038
811500	6175000	671.551636
816500	6175000	690.275757
821500	6175000	835.023987
826500	6175000	631.688232
831500	6175000	579.937927
836500	6175000	609.678162
841500	6175000	450.714844
846500	6175000	-0.117813
851500	6175000	19.076166
856500	6175000	-0.117813
861500	6175000	-0.117813
866500	6175000	-75.076462
871500	6175000	-120.72464
876500	6175000	-136.019699
881500	6175000	-144.029861
886500	6175000	-178.349564
891500	6175000	-236.966782
896500	6175000	-294.706177
901500	6175000	-625.086182
906500	6175000	-1121.216309
911500	6175000	-1522.924927
916500	6175000	-1675.707153
921500	6175000	-1912.840088
926500	6175000	-2448.039307
931500	6175000	-3096.981201
936500	6175000	-3498.631348
941500	6175000	-3625.790771
946500	6175000	-3984.56958
951500	6175000	-4500.973145
956500	6175000	-4559.415527
961500	6175000	-4920.175781
966500	6175000	-4928.026855
971500	6175000	-4830.469727
976500	6175000	-4842.413086
981500	6175000	-4876.9375
986500	6175000	-4864.926758
991500	6175000	-4839.906738
996500	6175000	-4908.653809
731500	6180000	958.634766
736500	6180000	954.575806
741500	6180000	930.346863
746500	6180000	930.180237
751500	6180000	926.743225
756500	6180000	852.137756
761500	6180000	821.963074
766500	6180000	688.459167
771500	6180000	702.384766
776500	6180000	607.242676
781500	6180000	643.169678
786500	6180000	626.215393
791500	6180000	732.479431
796500	6180000	560.860718
801500	6180000	614.405457
806500	6180000	702.903687
811500	6180000	700.803284
816500	6180000	644.317505
821500	6180000	593.180237
826500	6180000	614.194458
831500	6180000	476.391907
836500	6180000	495.02887
841500	6180000	442.728455
846500	6180000	402.919434
851500	6180000	-0.117813
856500	6180000	-0.117813
861500	6180000	-0.117813
866500	6180000	-46.458073
871500	6180000	-88.811981
876500	6180000	-130.317871
881500	6180000	-142.452133
886500	6180000	-158.82254
891500	6180000	-220.819992
896500	6180000	-263.579132
901500	6180000	-457.401459
906500	6180000	-876.098633
911500	6180000	-1371.01062
916500	6180000	-1737.629639
921500	6180000	-1955.735352
926500	6180000	-2302.492432
931500	6180000	-2805.650879
936500	6180000	-3093.920898
941500	6180000	-3151.408203
946500	6180000	-3435.976807
951500	6180000	-4002.157959
956500	6180000	-4349.186523
961500	6180000	-4836.395508
966500	6180000	-4908.690918
971500	6180000	-4835.803223
976500	6180000	-4847.365234
981500	6180000	-4875.166504
986500	6180000	-4811.101563
991500	6180000	-4770.865234
996500	6180000	-4814.297852
731500	6185000	951.871216
736500	6185000	960.085388
741500	6185000	946.851135
746500	6185000	1012.330505
751500	6185000	1025.779541
756500	6185000	900.183533
761500	6185000	804.447205
766500	6185000	820.939819
771500	6185000	712.69873
776500	6185000	680.680664
781500	6185000	638.91217
786500	6185000	633.239685
791500	6185000	669.554016
796500	6185000	760.010742
801500	6185000	663.72644
806500	6185000	793.676392
811500	6185000	739.101746
816500	6185000	632.315369
821500	6185000	581.420654
826500	6185000	558.814087
831500	6185000	437.314301
836500	6185000	446.772339
841500	6185000	349.499878
846500	6185000	390.10733
851500	6185000	434.633057
856500	6185000	200.881546
861500	6185000	40.203983
866500	6185000	-44.189106
871500	6185000	-72.387337
876500	6185000	-121.168373
881500	6185000	-141.112808
886500	6185000	-147.935547
891500	6185000	-181.147705
896500	6185000	-217.849319
901500	6185000	-314.049286
906500	6185000	-631.563782
911500	6185000	-1113.216675
916500	6185000	-1627.663208
921500	6185000	-1920.151489
926500	6185000	-2111.509766
931500	6185000	-2403.684082
936500	6185000	-2544.847412
941500	6185000	-2650.003662
946500	6185000	-3051.208984
951500	6185000	-3702.281738
956500	6185000	-4327.821289
961500	6185000	-4775.300781
966500	6185000	-4888.780273
971500	6185000	-4886.690918
976500	6185000	-4963.044434
981500	6185000	-4933.268066
986500	6185000	-4730.404785
991500	6185000	-4588.151855
996500	6185000	-4682.22168
731500	6190000	922.081055
736500	6190000	912.400635
741500	6190000	925.786926
746500	6190000	868.519531
751500	6190000	944.34668
756500	6190000	873.6521
761500	6190000	860.099243
766500	6190000	889.766357
771500	6190000	833.36792
776500	6190000	767.364014
781500	6190000	651.558044
786500	6190000	583.001709
791500	6190000	770.180481
796500	6190000	629.512268
801500	6190000	724.631042
806500	6190000	729.910461
811500	6190000	604.765503
816500	6190000	625.389709
821500	6190000	624.516785
826500	6190000	542.708862
831500	6190000	353.911682
836500	6190000	395.364166
841500	6190000	378.732147
846500	6190000	436.268646
851500	6190000	450.25
856500	6190000	70.909409
861500	6190000	-0.117813
866500	6190000	64.3489
871500	6190000	-69.526085
876500	6190000	-102.342094
881500	6190000	-132.459366
886500	6190000	-142.621964
891500	6190000	-157.273117
896500	6190000	-181.442993
901500	6190000	-235.199234
906500	6190000	-408.337311
911500	6190000	-752.941833
916500	6190000	-1260.275879
921500	6190000	-1628.047607
926500	6190000	-2002.934448
931500	6190000	-2213.243408
936500	6190000	-2241.908203
941500	6190000	-2447.70874
946500	6190000	-3003.312012
951500	6190000	-3572.88623
956500	6190000	-4169.878418
961500	6190000	-4569.757324
966500	6190000	-4848.29834
971500	6190000	-4886.277832
976500	6190000	-5029.550781
981500	6190000	-4957.874512
986500	6190000	-4724.525391
991500	6190000	-4534.514648
996500	6190000	-4526.678711
731500	6195000	913.731812
736500	6195000	850.088623
741500	6195000	863.156189
746500	6195000	814.655823
751500	6195000	932.205261
756500	6195000	915.12616
761500	6195000	843.595703
766500	6195000	780.364502
771500	6195000	760.102478
776500	6195000	462.3367
781500	6195000	505.340912
786500	6195000	377.976715
791500	6195000	728.47467
796500	6195000	722.253174
801500	6195000	687.674622
806500	6195000	697.372009
811500	6195000	299.728455
816500	6195000	536.15094
821500	6195000	599.870605
826500	6195000	462.845215
831500	6195000	373.740906
836500	6195000	401.214417
841500	6195000	388.47522
846500	6195000	379.338196
851500	6195000	418.2565
856500	6195000	289.899902
861500	6195000	247.425201
866500	6195000	228.758087
871500	6195000	-45.861233
876500	6195000	-100.403046
881500	6195000	-126.499748
886500	6195000	-138.645676
891500	6195000	-143.755981
896500	6195000	-173.785843
901500	6195000	-215.216431
906500	6195000	-285.83432
911500	6195000	-491.709869
916500	6195000	-886.636169
921500	6195000	-1321.524536
926500	6195000	-1902.958496
931500	6195000	-2159.035645
936500	6195000	-2165.012207
941500	6195000	-2381.520996
946500	6195000	-2990.79126
951500	6195000	-3394.223877
956500	6195000	-3623.800293
961500	6195000	-4200.128906
966500	6195000	-4361.858398
971500	6195000	-4599.657715
976500	6195000	-4904.375488
981500	6195000	-4952.369629
986500	6195000	-4832.680176
991500	6195000	-4625.134766
996500	6195000	-4433.297363
731500	6200000	885.311523
736500	6200000	857.141235
741500	6200000	830.861633
746500	6200000	879.259521
751500	6200000	845.457886
756500	6200000	875.612122
761500	6200000	994.851196
766500	6200000	897.031433
771500	6200000	738.807617
776500	6200000	609.014832
781500	6200000	348.211029
786500	6200000	745.475281
791500	6200000	100.837769
796500	6200000	281.818878
801500	6200000	868.206299
806500	6200000	345.63562
811500	6200000	560.073669
816500	6200000	601.058289
821500	6200000	438.104492
826500	6200000	390.691223
831500	6200000	334.873718
836500	6200000	308.193909
841500	6200000	247.008026
846500	6200000	287.980225
851500	6200000	382.860992
856500	6200000	444.256409
861500	6200000	397.484406
866500	6200000	352.117249
871500	6200000	258.757538
876500	6200000	-87.702545
881500	6200000	-120.895447
886500	6200000	-132.690643
891500	6200000	-131.879654
896500	6200000	-154.388763
901500	6200000	-194.278198
906500	6200000	-261.041595
911500	6200000	-368.048615
916500	6200000	-665.618591
921500	6200000	-1061.973999
926500	6200000	-1642.704224
931500	6200000	-1976.751221
936500	6200000	-2045.88916
941500	6200000	-2217.527344
946500	6200000	-2961.795654
951500	6200000	-3185.157715
956500	6200000	-3199.343506
961500	6200000	-3619.908691
966500	6200000	-3778.415527
971500	6200000	-4109.461914
976500	6200000	-4582.25
981500	6200000	-4916.609863
986500	6200000	-5024.36377
991500	6200000	-4844.959961
996500	6200000	-4484.515625
731500	6205000	817.328491
736500	6205000	798.44342
741500	6205000	825.5
746500	6205000	852.086487
751500	6205000	944.677307
756500	6205000	975.924927
761500	6205000	948.246826
766500	6205000	992.032837
771500	6205000	867.122131
776500	6205000	651.752808
781500	6205000	306.711639
786500	6205000	747.280884
791500	6205000	720.610291
796500	6205000	528.051392
801500	6205000	438.936798
806500	6205000	195.1931
811500	6205000	514.473022
816500	6205000	567.460999
821500	6205000	435.118622
826500	6205000	365.289307
831500	6205000	258.902954
836500	6205000	201.802277
841500	6205000	242.164276
846500	6205000	279.748901
851500	6205000	356.488068
856500	6205000	407.138153
861500	6205000	374.945099
866500	6205000	309.315887
871500	6205000	226.206543
876500	6205000	-72.380638
881500	6205000	-81.349808
886500	6205000	-119.445564
891500	6205000	-137.158707
896500	6205000	-148.432617
901500	6205000	-156.87088
906500	6205000	-219.090805
911500	6205000	-301.766998
916500	6205000	-524.805115
921500	6205000	-908.226257
926500	6205000	-1304.254761
931500	6205000	-1592.173828
936500	6205000	-1786.499268
941500	6205000	-2394.695801
946500	6205000	-2952.426758
951500	6205000	-2673.232666
956500	6205000	-2900.856934
961500	6205000	-3160.212402
966500	6205000	-3324.711182
971500	6205000	-3633.037109
976500	6205000	-4149.635742
981500	6205000	-4722.888672
986500	6205000	-5081.485352
991500	6205000	-5019.79541
996500	6205000	-4712.688965
731500	6210000	801.949646
736500	6210000	814.306885
741500	6210000	755.599121
746500	6210000	728.97467
751500	6210000	831.096924
756500	6210000	799.543091
761500	6210000	833.636719
766500	6210000	786.929138
771500	6210000	1052.047119
776500	6210000	928.389832
781500	6210000	435.906403
786500	6210000	809.698669
791500	6210000	728.931763
796500	6210000	416.566895
801500	6210000	256.359955
806500	6210000	325.346985
811500	6210000	693.885803
816500	6210000	478.328918
821500	6210000	482.584991
826500	6210000	355.506256
831500	6210000	237.817368
836500	6210000	163.659088
841500	6210000	154.817932
846500	6210000	142.74379
851500	6210000	279.533203
856500	6210000	318.012329
861500	6210000	317.815308
866500	6210000	198.548645
871500	6210000	178.08136
876500	6210000	117.413048
881500	6210000	-73.883057
886500	6210000	-115.750313
891500	6210000	-134.706589
896500	6210000	-139.986679
901500	6210000	-143.236969
906500	6210000	-158.48967
911500	6210000	-267.683319
916500	6210000	-444.60614
921500	6210000	-702.598999
926500	6210000	-975.295776
931500	6210000	-1309.651367
936500	6210000	-1721.320435
941500	6210000	-2199.81543
946500	6210000	-2219.361572
951500	6210000	-2485.307129
956500	6210000	-2851.31958
961500	6210000	-2948.428223
966500	6210000	-2966.064453
971500	6210000	-3158.246094
976500	6210000	-3610.928955
981500	6210000	-4258.894043
986500	6210000	-4868.635254
991500	6210000	-5016.228516
996500	6210000	-4912.205566
731500	6215000	802.012268
736500	6215000	885.892883
741500	6215000	697.953247
746500	6215000	689.946045
751500	6215000	864.097412
756500	6215000	826.120117
761500	6215000	909.448364
766500	6215000	988.125366
771500	6215000	909.66803
776500	6215000	851.036011
781500	6215000	703.641174
786500	6215000	886.16803
791500	6215000	691.316467
796500	6215000	597.231262
801500	6215000	385.844818
806500	6215000	12.790403
811500	6215000	224.125015
816500	6215000	71.421288
821500	6215000	469.832092
826500	6215000	369.119476
831500	6215000	199.686829
836500	6215000	268.970367
841500	6215000	134.039932
846500	6215000	92.462082
851500	6215000	232.612137
856500	6215000	184.205368
861500	6215000	276.585236
866500	6215000	166.81662
871500	6215000	207.096451
876500	6215000	77.048271
881500	6215000	61.733105
886500	6215000	-111.271713
891500	6215000	-125.83036
896500	6215000	-134.444855
901500	6215000	-141.937775
906500	6215000	-147.363098
911500	6215000	-198.233047
916500	6215000	-335.357269
921500	6215000	-530.148682
926500	6215000	-752.413208
931500	6215000	-1166.754395
936500	6215000	-1571.392944
941500	6215000	-1799.891724
946500	6215000	-2093.734131
951500	6215000	-2451.75415
956500	6215000	-2689.430664
961500	6215000	-2764.024414
966500	6215000	-2808.800293
971500	6215000	-2914.874756
976500	6215000	-3165.768066
981500	6215000	-3726.668213
986500	6215000	-4480.995605
991500	6215000	-4959.414551
996500	6215000	-5084.209961
731500	6220000	779.01416
736500	6220000	886.366272
741500	6220000	661.592773
746500	6220000	654.158264
751500	6220000	1032.758911
756500	6220000	869.441711
761500	6220000	993.067017
766500	6220000	1106.974487
771500	6220000	1032.656616
776500	6220000	1020.388611
781500	6220000	856.521484
786500	6220000	585.019226
791500	6220000	740.076538
796500	6220000	570.855286
801500	6220000	322.376404
806500	6220000	259.091461
811500	6220000	76.739334
816500	6220000	204.178833
821500	6220000	483.815704
826500	6220000	305.602539
831500	6220000	220.960419
836500	6220000	147.049026
841500	6220000	106.757935
846500	6220000	100.581749
851500	6220000	137.91394
856500	6220000	163.583328
861500	6220000	119.87236
866500	6220000	193.128723
871500	6220000	82.777779
876500	6220000	135.286835
881500	6220000	99.996384
886500	6220000	-31.849823
891500	6220000	-123.416153
896500	6220000	-134.657318
901500	6220000	-139.587692
906500	6220000	-145.600464
911500	6220000	-167.361816
916500	6220000	-226.078125
921500	6220000	-391.8508
926500	6220000	-581.813965
931500	6220000	-846.030334
936500	6220000	-1126.911987
941500	6220000	-1521.919312
946500	6220000	-1926.55835
951500	6220000	-2210.001465
956500	6220000	-2388.703369
961500	6220000	-2538.789795
966500	6220000	-2714.2146
971500	6220000	-2819.981689
976500	6220000	-3032.089111
981500	6220000	-3444.311279
986500	6220000	-4095.619385
991500	6220000	-4645.637207
996500	6220000	-4901.700195
731500	6225000	794.55011
736500	6225000	537.612915
741500	6225000	818.852783
746500	6225000	772.481812
751500	6225000	1006.34137
756500	6225000	1055.618774
761500	6225000	1007.922424
766500	6225000	1205.293823
771500	6225000	1076.423462
776500	6225000	1115.029419
781500	6225000	979.446716
786500	6225000	671.792297
791500	6225000	558.559631
796500	6225000	544.383911
801500	6225000	482.828003
806500	6225000	748.522644
811500	6225000	299.018097
816500	6225000	496.950867
821500	6225000	457.605835
826500	6225000	321.957214
831500	6225000	227.769623
836500	6225000	106.213982
841500	6225000	64.87513
846500	6225000	110.432404
851500	6225000	85.596283
856500	6225000	139.756668
861500	6225000	88.032814
866500	6225000	145.084381
871500	6225000	110.305702
876500	6225000	113.595238
881500	6225000	85.982361
886500	6225000	50.589806
891500	6225000	-45.842308
896500	6225000	-135.301025
901500	6225000	-137.246399
906500	6225000	-141.30098
911500	6225000	-145.898392
916500	6225000	-180.47937
921500	6225000	-317.446503
926500	6225000	-443.643616
931500	6225000	-644.5401
936500	6225000	-816.166199
941500	6225000	-1099.493286
946500	6225000	-1531.411987
951500	6225000	-1843.010986
956500	6225000	-1985.805664
961500	6225000	-2169.891846
966500	6225000	-2434.194336
971500	6225000	-2769.961914
976500	6225000	-3075.963867
981500	6225000	-3308.964844
986500	6225000	-3642.783447
991500	6225000	-4062.427246
996500	6225000	-4430.185547
731500	6230000	745.550781
736500	6230000	724.468384
741500	6230000	849.699097
746500	6230000	793.185303
751500	6230000	970.528076
756500	6230000	1127.870361
761500	6230000	1232.192505
766500	6230000	1256.282349
771500	6230000	919.707275
776500	6230000	437.335388
781500	6230000	614.085022
786500	6230000	737.936096
791500	6230000	352.201172
796500	6230000	475.739807
801500	6230000	434.438263
806500	6230000	666.585022
811500	6230000	236.875565
816500	6230000	478.73587
821500	6230000	499.67984
826500	6230000	348.470306
831500	6230000	241.71608
836500	6230000	80.148888
841500	6230000	75.787895
846500	6230000	95.774071
851500	6230000	135.945206
856500	6230000	29.513884
861500	6230000	61.504387
866500	6230000	100.235954
871500	6230000	80.790909
876500	6230000	74.023384
881500	6230000	52.937973
886500	6230000	27.598671
891500	6230000	16.965282
896500	6230000	-65.619438
901500	6230000	-119.571396
906500	6230000	-132.462891
911500	6230000	-142.088928
916500	6230000	-158.067184
921500	6230000	-217.001846
926500	6230000	-328.505951
931500	6230000	-481.256592
936500	6230000	-625.926025
941500	6230000	-884.303528
946500	6230000	-1260.824707
951500	6230000	-1481.286377
956500	6230000	-1698.114624
961500	6230000	-1938.970825
966500	6230000	-2133.917969
971500	6230000	-2549.962158
976500	6230000	-3038.734619
981500	6230000	-3177.99707
986500	6230000	-3320.795166
991500	6230000	-3580.776367
996500	6230000	-4063.575195
731500	6235000	610.451111
736500	6235000	747.954346
741500	6235000	977.22644
746500	6235000	916.803772
751500	6235000	1161.328003
756500	6235000	1065.299438
761500	6235000	1160.912476
766500	6235000	1193.328003
771500	6235000	1012.068237
776500	6235000	1095.381714
781500	6235000	1332.221436
786500	6235000	1156.249878
791500	6235000	731.824402
796500	6235000	250.243729
801500	6235000	530.749939
806500	6235000	635.84967
811500	6235000	0.124449
816500	6235000	253.664764
821500	6235000	328.196472
826500	6235000	314.421143
831500	6235000	217.905746
836500	6235000	84.02475
841500	6235000	116.792625
846500	6235000	69.340843
851500	6235000	96.499077
856500	6235000	44.883034
861500	6235000	45.694626
866500	6235000	20.869272
871500	6235000	11.332221
876500	6235000	34.152412
881500	6235000	22.087339
886500	6235000	6.371983
891500	6235000	15.828796
896500	6235000	-28.213818
901500	6235000	-85.794991
906500	6235000	-122.839218
911500	6235000	-132.431671
916500	6235000	-161.370361
921500	6235000	-237.303177
926500	6235000	-236.945663
931500	6235000	-341.853821
936500	6235000	-494.519745
941500	6235000	-730.55426
946500	6235000	-1033.625977
951500	6235000	-1222.318848
956500	6235000	-1461.560059
961500	6235000	-1799.688477
966500	6235000	-2013.579468
971500	6235000	-2324.887695
976500	6235000	-2823.509521
981500	6235000	-3011.525391
986500	6235000	-3129.236816
991500	6235000	-3477.974365
996500	6235000	-4250.871582
731500	6240000	879.236267
736500	6240000	1000.327332
741500	6240000	1023.712769
746500	6240000	1061.296143
751500	6240000	1152.341797
756500	6240000	1178.116577
761500	6240000	1252.661377
766500	6240000	1151.07959
771500	6240000	1049.123413
776500	6240000	1146.89209
781500	6240000	1218.187012
786500	6240000	1264.565796
791500	6240000	477.993164
796500	6240000	913.960754
801500	6240000	183.995575
806500	6240000	255.221985
811500	6240000	259.020355
816500	6240000	390.374237
821500	6240000	228.793213
826500	6240000	338.512604
831500	6240000	224.403946
836500	6240000	84.017479
841500	6240000	99.627823
846500	6240000	66.762901
851500	6240000	60.882488
856500	6240000	36.048344
861500	6240000	56.839546
866500	6240000	12.634118
871500	6240000	48.395283
876500	6240000	49.102261
881500	6240000	13.507886
886500	6240000	6.51084
891500	6240000	53.418095
896500	6240000	62.924141
901500	6240000	-76.035378
906500	6240000	-117.752022
911500	6240000	-128.253174
916500	6240000	-235.436066
921500	6240000	-170.419586
926500	6240000	-168.822845
931500	6240000	-268.697968
936500	6240000	-396.300568
941500	6240000	-568.897217
946500	6240000	-810.976318
951500	6240000	-1071.633301
956500	6240000	-1317.622314
961500	6240000	-1658.243042
966500	6240000	-2012.155029
971500	6240000	-2299.507568
976500	6240000	-2656.583252
981500	6240000	-2907.438721
986500	6240000	-3073.400879
991500	6240000	-3638.734375
996500	6240000	-4221.586914
731500	6245000	966.873657
736500	6245000	1008.120178
741500	6245000	1150.914185
746500	6245000	1121.865845
751500	6245000	1127.194824
756500	6245000	1227.783081
761500	6245000	1355.692871
766500	6245000	1260.813232
771500	6245000	1252.520752
776500	6245000	1068.652466
781500	6245000	1308.431396
786500	6245000	1100.547974
791500	6245000	452.59494
796500	6245000	612.279175
801500	6245000	554.560364
806500	6245000	341.890594
811500	6245000	352.137939
816500	6245000	610.210449
821500	6245000	474.603394
826500	6245000	345.449554
831500	6245000	245.071915
836500	6245000	53.558056
841500	6245000	101.575615
846500	6245000	63.536736
851500	6245000	59.783005
856500	6245000	66.540672
861500	6245000	48.565041
866500	6245000	11.917888
871500	6245000	26.529329
876500	6245000	2.737977
881500	6245000	6.384109
886500	6245000	14.318922
891500	6245000	64.350868
896500	6245000	81.514633
901500	6245000	-51.356567
906500	6245000	-97.448296
911500	6245000	-127.96769
916500	6245000	-155.269577
921500	6245000	-138.388855
926500	6245000	-166.875732
931500	6245000	-200.879883
936500	6245000	-335.261353
941500	6245000	-489.709076
946500	6245000	-684.219849
951500	6245000	-881.207458
956500	6245000	-1115.838013
961500	6245000	-1448.618408
966500	6245000	-1791.506348
971500	6245000	-2203.441162
976500	6245000	-2554.422119
981500	6245000	-2823.15918
986500	6245000	-3067.338379
991500	6245000	-3562.200195
996500	6245000	-3801.244873
731500	6250000	933.918335
736500	6250000	1009.827087
741500	6250000	1124.290527
746500	6250000	1011.596313
751500	6250000	1183.836792
756500	6250000	1220.949585
761500	6250000	1209.422485
766500	6250000	1146.980835
771500	6250000	1331.012085
776500	6250000	1150.4198
781500	6250000	1209.243774
786500	6250000	847.723999
791500	6250000	1011.929138
796500	6250000	671.973572
801500	6250000	559.63031
806500	6250000	196.312714
811500	6250000	430.185791
816500	6250000	748.239441
821500	6250000	446.916901
826500	6250000	406.987427
831500	6250000	227.308655
836500	6250000	77.177689
841500	6250000	80.75602
846500	6250000	54.84486
851500	6250000	65.833229
856500	6250000	104.613579
861500	6250000	61.979076
866500	6250000	33.740856
871500	6250000	21.345003
876500	6250000	39.353794
881500	6250000	62.66317
886500	6250000	12.840672
891500	6250000	98.441261
896500	6250000	124.140877
901500	6250000	-20.115583
906500	6250000	-94.951859
911500	6250000	-122.454758
916500	6250000	-124.083336
921500	6250000	-139.132004
926500	6250000	-142.939362
931500	6250000	-152.541656
936500	6250000	-227.024078
941500	6250000	-357.474731
946500	6250000	-523.479675
951500	6250000	-712.057495
956500	6250000	-879.861938
961500	6250000	-1086.550415
966500	6250000	-1334.574585
971500	6250000	-1813.483643
976500	6250000	-2345.627686
981500	6250000	-2749.626953
986500	6250000	-2962.354004
991500	6250000	-3234.688477
996500	6250000	-3458.731934
731500	6255000	1045.299683
736500	6255000	993.403564
741500	6255000	975.151489
746500	6255000	1091.853882
751500	6255000	1097.036987
756500	6255000	1186.76001
761500	6255000	1152.07666
766500	6255000	1146.67688
771500	6255000	1198.537842
776500	6255000	1220.840454
781500	6255000	752.905579
786500	6255000	451.714264
791500	6255000	885.868042
796500	6255000	662.286011
801500	6255000	638.389587
806500	6255000	435.889648
811500	6255000	292.436157
816500	6255000	768.423828
821500	6255000	505.282623
826500	6255000	324.349304
831500	6255000	249.463226
836500	6255000	79.268913
841500	6255000	58.531902
846500	6255000	23.45376
851500	6255000	70.171837
856500	6255000	52.37558
861500	6255000	87.280396
866500	6255000	67.267616
871500	6255000	33.419445
876500	6255000	86.677231
881500	6255000	75.950233
886500	6255000	84.086899
891500	6255000	152.339783
896500	6255000	154.574478
901500	6255000	-23.166853
906500	6255000	-91.863518
911500	6255000	-114.541603
916500	6255000	-120.456932
921500	6255000	-128.085754
926500	6255000	-139.163986
931500	6255000	-147.59198
936500	6255000	-157.91423
941500	6255000	-205.202698
946500	6255000	-314.353882
951500	6255000	-498.753113
956500	6255000	-682.064697
961500	6255000	-840.596313
966500	6255000	-1098.950439
971500	6255000	-1549.458618
976500	6255000	-2200.013428
981500	6255000	-2706.519775
986500	6255000	-2879.75708
991500	6255000	-3057.795166
996500	6255000	-3253.330322
731500	6260000	969.416138
736500	6260000	917.321716
741500	6260000	1000.036255
746500	6260000	1018.425476
751500	6260000	979.545715
756500	6260000	1036.069336
761500	6260000	1104.991455
766500	6260000	1115.96167
771500	6260000	1127.276733
776500	6260000	1131.043091
781500	6260000	1140.286743
786500	6260000	1124.016846
791500	6260000	703.562622
796500	6260000	408.887329
801500	6260000	645.60376
806500	6260000	326.818512
811500	6260000	296.186615
816500	6260000	861.023315
821500	6260000	472.534973
826500	6260000	461.275848
831500	6260000	197.385635
836500	6260000	66.614967
841500	6260000	35.201206
846500	6260000	27.327381
851500	6260000	36.301487
856500	6260000	37.198936
861500	6260000	30.830122
866500	6260000	83.756218
871500	6260000	125.890518
876500	6260000	195.379776
881500	6260000	76.273567
886500	6260000	127.687119
891500	6260000	70.948753
896500	6260000	77.092628
901500	6260000	78.323875
906500	6260000	-67.24559
911500	6260000	-107.168526
916500	6260000	-123.694252
921500	6260000	-126.979164
926500	6260000	-132.020645
931500	6260000	-143.924881
936500	6260000	-158.109238
941500	6260000	-186.775482
946500	6260000	-239.220078
951500	6260000	-386.959106
956500	6260000	-568.454346
961500	6260000	-733.59906
966500	6260000	-935.853577
971500	6260000	-1278.564453
976500	6260000	-1851.462036
981500	6260000	-2436.884766
986500	6260000	-2702.932373
991500	6260000	-2916.917236
996500	6260000	-3186.251465
731500	6265000	905.147095
736500	6265000	824.771118
741500	6265000	1004.450867
746500	6265000	1022.501465
751500	6265000	984.855042
756500	6265000	1009.758484
761500	6265000	1126.857056
766500	6265000	1103.727905
771500	6265000	928.13031
776500	6265000	1009.656189
781500	6265000	1244.051758
786500	6265000	951.065125
791500	6265000	670.306763
796500	6265000	614.117065
801500	6265000	570.720947
806500	6265000	973.727661
811500	6265000	797.826843
816500	6265000	745.5
821500	6265000	650.879028
826500	6265000	336.830109
831500	6265000	311.633362
836500	6265000	271.325714
841500	6265000	60.615868
846500	6265000	49.922188
851500	6265000	18.62438
856500	6265000	27.173958
861500	6265000	56.27512
866500	6265000	64.201393
871500	6265000	150.037521
876500	6265000	230.321091
881500	6265000	179.210968
886500	6265000	190.181702
891500	6265000	134.596069
896500	6265000	48.325787
901500	6265000	55.908222
906500	6265000	-51.152771
911500	6265000	-91.955734
916500	6265000	-117.138222
921500	6265000	-122.15966
926500	6265000	-130.773376
931500	6265000	-129.393967
936500	6265000	-147.512985
941500	6265000	-161.08844
946500	6265000	-198.139297
951500	6265000	-307.390137
956500	6265000	-478.308899
961500	6265000	-701.826477
966500	6265000	-878.656982
971500	6265000	-981.768066
976500	6265000	-1285.669556
981500	6265000	-1874.827759
986500	6265000	-2273.218994
991500	6265000	-2652.207031
996500	6265000	-3137.46582
731500	6270000	921.874817
736500	6270000	889.847229
741500	6270000	769.116211
746500	6270000	963.849365
751500	6270000	937.952087
756500	6270000	952.547546
761500	6270000	1160.514648
766500	6270000	1150.417236
771500	6270000	1044.769653
776500	6270000	1071.939819
781500	6270000	1193.630737
786500	6270000	685.955017
791500	6270000	530.336365
796500	6270000	643.602966
801500	6270000	1097.182251
806500	6270000	1018.230103
811500	6270000	905.707092
816500	6270000	751.565552
821500	6270000	329.016357
826500	6270000	576.274597
831500	6270000	358.498779
836500	6270000	164.768463
841500	6270000	44.988033
846500	6270000	25.576216
851500	6270000	36.243393
856500	6270000	32.831314
861500	6270000	50.30521
866500	6270000	49.015877
871500	6270000	132.34082
876500	6270000	215.197662
881500	6270000	79.478333
886500	6270000	107.835861
891500	6270000	133.425247
896500	6270000	120.308632
901500	6270000	80.910431
906500	6270000	-28.888775
911500	6270000	-67.059212
916500	6270000	-90.637566
921500	6270000	-114.961891
926500	6270000	-130.926682
931500	6270000	-130.7556
936500	6270000	-142.271698
941500	6270000	-143.270981
946500	6270000	-157.89476
951500	6270000	-211.952515
956500	6270000	-345.00415
961500	6270000	-594.445557
966500	6270000	-800.298828
971500	6270000	-829.466431
976500	6270000	-1001.135925
981500	6270000	-1565.977051
986500	6270000	-2011.352417
991500	6270000	-2324.190918
996500	6270000	-2908.256836
731500	6275000	919.838867
736500	6275000	894.56134
741500	6275000	985.974792
746500	6275000	824.652344
751500	6275000	738.149292
756500	6275000	968.606628
761500	6275000	958.782349
766500	6275000	1116.845825
771500	6275000	1037.189453
776500	6275000	1106.064697
781500	6275000	1158.120728
786500	6275000	803.138855
791500	6275000	657.389587
796500	6275000	688.530701
801500	6275000	905.854492
806500	6275000	983.321167
811500	6275000	911.921387
816500	6275000	722.257385
821500	6275000	464.045349
826500	6275000	405.657013
831500	6275000	204.363892
836500	6275000	242.542084
841500	6275000	20.470699
846500	6275000	25.539988
851500	6275000	7.615493
856500	6275000	2.035877
861500	6275000	30.817539
866500	6275000	71.705658
871500	6275000	153.064636
876500	6275000	217.690186
881500	6275000	97.658257
886500	6275000	144.525009
891500	6275000	44.680195
896500	6275000	69.640991
901500	6275000	58.320618
906500	6275000	57.596554
911500	6275000	-49.837296
916500	6275000	-71.384026
921500	6275000	-86.976181
926500	6275000	-119.324196
931500	6275000	-129.899857
936500	6275000	-137.697876
941500	6275000	-139.111832
946500	6275000	-151.860107
951500	6275000	-169.854874
956500	6275000	-232.56366
961500	6275000	-440.993073
966500	6275000	-673.176697
971500	6275000	-738.941895
976500	6275000	-881.452454
981500	6275000	-1320.320313
986500	6275000	-1745.341553
991500	6275000	-2104.536377
996500	6275000	-2750.105957
731500	6280000	829.608032
736500	6280000	844.470581
741500	6280000	698.179138
746500	6280000	757.00061
751500	6280000	897.029846
756500	6280000	989.003967
761500	6280000	954.878296
766500	6280000	874.022766
771500	6280000	779.433411
776500	6280000	1091.390503
781500	6280000	1191.61731
786500	6280000	902.30072
791500	6280000	783.071838
796500	6280000	741.564636
801500	6280000	853.358887
806500	6280000	912.697449
811500	6280000	870.724976
816500	6280000	823.359436
821500	6280000	521.252319
826500	6280000	410.883453
831500	6280000	354.598999
836500	6280000	290.231476
841500	6280000	105.686821
846500	6280000	49.025063
851500	6280000	31.319094
856500	6280000	45.195934
861500	6280000	31.375303
866500	6280000	9.49515
871500	6280000	115.208054
876500	6280000	160.989624
881500	6280000	147.593872
886500	6280000	79.757843
891500	6280000	-0.117813
896500	6280000	61.957466
901500	6280000	44.070847
906500	6280000	57.317623
911500	6280000	-27.270287
916500	6280000	-52.568295
921500	6280000	-78.21096
926500	6280000	-105.086845
931500	6280000	-129.389679
936500	6280000	-132.776581
941500	6280000	-135.277222
946500	6280000	-150.826752
951500	6280000	-156.407913
956500	6280000	-180.037582
961500	6280000	-289.295105
966500	6280000	-512.233215
971500	6280000	-687.424194
976500	6280000	-840.838257
981500	6280000	-1092.831055
986500	6280000	-1393.622314
991500	6280000	-1803.261597
996500	6280000	-2364.000977
731500	6285000	734.279358
736500	6285000	827.83313
741500	6285000	720.15802
746500	6285000	804.893311
751500	6285000	757.30365
756500	6285000	742.730591
761500	6285000	769.96759
766500	6285000	874.081299
771500	6285000	885.644043
776500	6285000	1004.860413
781500	6285000	1054.838623
786500	6285000	861.915283
791500	6285000	708.050232
796500	6285000	823.885071
801500	6285000	885.272766
806500	6285000	905.699097
811500	6285000	845.754333
816500	6285000	925.340088
821500	6285000	653.783081
826500	6285000	538.630188
831500	6285000	417.787811
836500	6285000	214.840042
841500	6285000	240.259308
846500	6285000	101.577644
851500	6285000	99.141045
856500	6285000	75.536079
861500	6285000	54.964195
866500	6285000	97.151543
871500	6285000	163.369446
876500	6285000	248.736435
881500	6285000	162.235077
886500	6285000	157.293121
891500	6285000	152.283279
896500	6285000	121.909485
901500	6285000	80.172012
906500	6285000	80.987785
911500	6285000	80.87114
916500	6285000	-30.061968
921500	6285000	-60.482586
926500	6285000	-93.089996
931500	6285000	-115.143005
936500	6285000	-130.852921
941500	6285000	-141.941757
946500	6285000	-150.517776
951500	6285000	-150.769196
956500	6285000	-154.161804
961500	6285000	-188.193665
966500	6285000	-298.766754
971500	6285000	-515.281616
976500	6285000	-764.052002
981500	6285000	-971.047729
986500	6285000	-1204.770752
991500	6285000	-1638.180786
996500	6285000	-2139.307129
731500	6290000	775.584656
736500	6290000	717.660278
741500	6290000	697.679016
746500	6290000	688.990051
751500	6290000	716.671509
756500	6290000	801.001038
761500	6290000	922.616394
766500	6290000	883.362732
771500	6290000	852.063477
776500	6290000	962.574463
781500	6290000	962.257568
786500	6290000	834.45459
791500	6290000	1176.051025
796500	6290000	940.579712
801500	6290000	1041.09314
806500	6290000	931.965393
811500	6290000	755.707642
816500	6290000	932.218567
821500	6290000	695.682861
826500	6290000	655.908386
831500	6290000	555.988647
836500	6290000	428.101349
841500	6290000	336.27533
846500	6290000	143.831146
851500	6290000	40.59716
856500	6290000	28.986393
861500	6290000	15.419286
866500	6290000	114.321945
871500	6290000	219.691055
876500	6290000	157.358795
881500	6290000	82.483345
886500	6290000	148.485931
891500	6290000	275.114655
896500	6290000	228.610275
901500	6290000	199.794876
906500	6290000	143.231369
911500	6290000	149.06282
916500	6290000	-15.817497
921500	6290000	-39.300758
926500	6290000	-72.646149
931500	6290000	-89.378708
936500	6290000	-111.099464
941500	6290000	-128.795059
946500	6290000	-139.996902
951500	6290000	-145.379181
956500	6290000	-148.894409
961500	6290000	-161.932251
966500	6290000	-199.044708
971500	6290000	-302.134949
976500	6290000	-583.411804
981500	6290000	-907.116577
986500	6290000	-1163.636108
991500	6290000	-1558.627808
996500	6290000	-1902.261963
731500	6295000	664.710876
736500	6295000	844.865845
741500	6295000	661.294556
746500	6295000	768.806152
751500	6295000	739.131348
756500	6295000	910.914734
761500	6295000	1078.832764
766500	6295000	1146.306763
771500	6295000	1029.54834
776500	6295000	1129.698486
781500	6295000	997.337891
786500	6295000	874.982727
791500	6295000	1081.78479
796500	6295000	1109.967773
801500	6295000	1082.188232
806500	6295000	1048.705444
811500	6295000	790.196533
816500	6295000	770.823547
821500	6295000	687.152161
826500	6295000	670.000732
831500	6295000	369.692261
836500	6295000	551.329346
841500	6295000	411.876251
846500	6295000	162.285141
851500	6295000	82.772209
856500	6295000	58.235504
861500	6295000	72.004921
866500	6295000	99.625572
871500	6295000	-0.117813
876500	6295000	37.426987
881500	6295000	251.050903
886500	6295000	-0.117813
891500	6295000	63.204586
896500	6295000	229.473221
901500	6295000	191.962891
906500	6295000	1.120914
911500	6295000	82.907845
916500	6295000	30.508699
921500	6295000	-24.841406
926500	6295000	-48.881645
931500	6295000	-72.29583
936500	6295000	-82.569717
941500	6295000	-103.142036
946500	6295000	-127.192543
951500	6295000	-138.218216
956500	6295000	-143.026611
961500	6295000	-153.940094
966500	6295000	-167.298187
971500	6295000	-209.532379
976500	6295000	-430.373291
981500	6295000	-770.839111
986500	6295000	-1030.231934
991500	6295000	-1412.849243
996500	6295000	-1782.882935
731500	6300000	731.170654
736500	6300000	732.345032
741500	6300000	646.640381
746500	6300000	732.607056
751500	6300000	763.709595
756500	6300000	794.22168
761500	6300000	1101.424805
766500	6300000	1106.115723
771500	6300000	1229.869873
776500	6300000	1082.088745
781500	6300000	909.990479
786500	6300000	961.18512
791500	6300000	1001.679199
796500	6300000	1162.327759
801500	6300000	1107.555054
806500	6300000	920.047058
811500	6300000	786.890442
816500	6300000	753.896301
821500	6300000	689.646545
826500	6300000	545.344299
831500	6300000	565.369141
836500	6300000	448.127533
841500	6300000	160.909332
846500	6300000	15.310253
851500	6300000	104.102272
856500	6300000	118.382683
861500	6300000	124.41169
866500	6300000	107.726837
871500	6300000	95.967758
876500	6300000	138.336533
881500	6300000	125.971474
886500	6300000	136.130112
891500	6300000	240.352905
896500	6300000	284.131714
901500	6300000	179.80452
906500	6300000	-0.117813
911500	6300000	64.321091
916500	6300000	14.065009
921500	6300000	16.152008
926500	6300000	-29.134981
931500	6300000	-62.453369
936500	6300000	-74.942421
941500	6300000	-96.668175
946500	6300000	-125.946609
951500	6300000	-138.474258
956500	6300000	-134.772064
961500	6300000	-146.174561
966500	6300000	-150.362259
971500	6300000	-168.535156
976500	6300000	-242.219131
981500	6300000	-500.466858
986500	6300000	-812.346863
991500	6300000	-1132.946289
996500	6300000	-1422.746094
731500	6305000	727.452881
736500	6305000	704.284607
741500	6305000	761.855957
746500	6305000	727.770569
751500	6305000	872.127502
756500	6305000	1088.772583
761500	6305000	1146.532349
766500	6305000	999.906128
771500	6305000	1028.130005
776500	6305000	1005.412842
781500	6305000	927.531006
786500	6305000	843.077148
791500	6305000	1144.16272
796500	6305000	1098.018311
801500	6305000	1046.811401
806500	6305000	992.727112
811500	6305000	943.234863
816500	6305000	782.507507
821500	6305000	662.298584
826500	6305000	592.758545
831500	6305000	412.463226
836500	6305000	377.624481
841500	6305000	388.188477
846500	6305000	291.281769
851500	6305000	248.059723
856500	6305000	270.197235
861500	6305000	50.936184
866500	6305000	96.448524
871500	6305000	208.756622
876500	6305000	254.836182
881500	6305000	170.226974
886500	6305000	189.727341
891500	6305000	278.521149
896500	6305000	292.765533
901500	6305000	202.752197
906500	6305000	123.847809
911500	6305000	-0.117813
916500	6305000	-0.117813
921500	6305000	30.895094
926500	6305000	-7.695316
931500	6305000	-45.955811
936500	6305000	-70.3069
941500	6305000	-102.416534
946500	6305000	-121.08326
951500	6305000	-132.75322
956500	6305000	-129.920135
961500	6305000	-140.340195
966500	6305000	-144.558151
971500	6305000	-150.757416
976500	6305000	-170.583832
981500	6305000	-257.087921
986500	6305000	-486.903534
991500	6305000	-838.501465
996500	6305000	-1084.713257
731500	6310000	841.570496
736500	6310000	777.506836
741500	6310000	721.45697
746500	6310000	769.46991
751500	6310000	776.024597
756500	6310000	859.110352
761500	6310000	1185.60144
766500	6310000	1060.92688
771500	6310000	1187.244995
776500	6310000	886.745056
781500	6310000	902.51593
786500	6310000	999.274963
791500	6310000	1131.444336
796500	6310000	1081.201904
801500	6310000	1047.517212
806500	6310000	889.598389
811500	6310000	886.953796
816500	6310000	802.179138
821500	6310000	668.647522
826500	6310000	572.807861
831500	6310000	426.771362
836500	6310000	384.453949
841500	6310000	365.519196
846500	6310000	311.544891
851500	6310000	173.708588
856500	6310000	58.177917
861500	6310000	215.792801
866500	6310000	212.660507
871500	6310000	62.264816
876500	6310000	103.475418
881500	6310000	140.536697
886500	6310000	176.584366
891500	6310000	279.525757
896500	6310000	306.389954
901500	6310000	200.462067
906500	6310000	168.272568
911500	6310000	-0.117813
916500	6310000	6.303699
921500	6310000	57.982845
926500	6310000	44.278786
931500	6310000	-30.540342
936500	6310000	-64.538109
941500	6310000	-97.184944
946500	6310000	-110.762917
951500	6310000	-131.504471
956500	6310000	-134.430496
961500	6310000	-137.726837
966500	6310000	-141.471313
971500	6310000	-144.105072
976500	6310000	-146.60144
981500	6310000	-164.868668
986500	6310000	-222.688858
991500	6310000	-506.226868
996500	6310000	-783.469421
731500	6315000	947.632751
736500	6315000	824.661133
741500	6315000	684.317444
746500	6315000	723.281982
751500	6315000	801.772522
756500	6315000	844.805969
761500	6315000	1051.201904
766500	6315000	887.622986
771500	6315000	917.133545
776500	6315000	886.889526
781500	6315000	908.393616
786500	6315000	1040.663452
791500	6315000	677.795776
796500	6315000	525.877747
801500	6315000	865.465759
806500	6315000	981.620056
811500	6315000	853.67804
816500	6315000	748.222046
821500	6315000	658.282288
826500	6315000	598.949402
831500	6315000	405.742737
836500	6315000	494.293427
841500	6315000	462.547333
846500	6315000	187.707825
851500	6315000	277.24408
856500	6315000	239.224457
861500	6315000	204.853867
866500	6315000	252.988251
871500	6315000	202.369766
876500	6315000	199.812286
881500	6315000	206.39917
886500	6315000	260.71463
891500	6315000	110.010063
896500	6315000	252.001083
901500	6315000	144.740585
906500	6315000	215.287384
911500	6315000	37.144844
916500	6315000	32.570572
921500	6315000	25.041618
926500	6315000	24.748514
931500	6315000	-14.179946
936500	6315000	-54.277126
941500	6315000	-87.759918
946500	6315000	-101.102646
951500	6315000	-113.169472
956500	6315000	-125.813232
961500	6315000	-132.330612
966500	6315000	-136.36908
971500	6315000	-139.696335
976500	6315000	-146.977859
981500	6315000	-153.871445
986500	6315000	-162.16066
991500	6315000	-251.87114
996500	6315000	-420.611328
731500	6320000	649.699646
736500	6320000	868.871521
741500	6320000	627.198608
746500	6320000	712.418152
751500	6320000	890.253662
756500	6320000	852.271667
761500	6320000	1070.729126
766500	6320000	854.450684
771500	6320000	963.697937
776500	6320000	796.650696
781500	6320000	810.830322
786500	6320000	692.528687
791500	6320000	835.443542
796500	6320000	1043.38208
801500	6320000	572.736816
806500	6320000	640.786865
811500	6320000	508.784302
816500	6320000	752.229431
821500	6320000	589.203186
826500	6320000	211.938599
831500	6320000	511.654572
836500	6320000	596.152283
841500	6320000	464.101929
846500	6320000	358.849243
851500	6320000	257.272003
856500	6320000	137.074112
861500	6320000	53.177662
866500	6320000	274.440826
871500	6320000	42.261929
876500	6320000	46.739346
881500	6320000	180.096466
886500	6320000	185.157867
891500	6320000	376.245239
896500	6320000	2.364617
901500	6320000	263.532227
906500	6320000	100.645866
911500	6320000	41.408398
916500	6320000	49.351627
921500	6320000	11.697633
926500	6320000	19.779985
931500	6320000	21.70715
936500	6320000	-47.731201
941500	6320000	-75.949432
946500	6320000	-103.401077
951500	6320000	-113.249069
956500	6320000	-119.226082
961500	6320000	-128.551041
966500	6320000	-128.887665
971500	6320000	-136.740479
976500	6320000	-140.010727
981500	6320000	-147.145325
986500	6320000	-146.680359
991500	6320000	-142.986893
996500	6320000	-198.372253
731500	6325000	514.859741
736500	6325000	677.718445
741500	6325000	642.968323
746500	6325000	784.154663
751500	6325000	898.812012
756500	6325000	993.032776
761500	6325000	1126.734741
766500	6325000	754.591431
771500	6325000	1076.251831
776500	6325000	740.531799
781500	6325000	807.711975
786500	6325000	612.294373
791500	6325000	591.782104
796500	6325000	724.348999
801500	6325000	875.215759
806500	6325000	912.503113
811500	6325000	216.630051
816500	6325000	521.359436
821500	6325000	462.072723
826500	6325000	470.474152
831500	6325000	544.200073
836500	6325000	427.406586
841500	6325000	334.572571
846500	6325000	319.453705
851500	6325000	224.971176
856500	6325000	143.574799
861500	6325000	226.034195
866500	6325000	209.600906
871500	6325000	222.226227
876500	6325000	182.449387
881500	6325000	243.791107
886500	6325000	189.571396
891500	6325000	317.074097
896500	6325000	175.623428
901500	6325000	154.077118
906500	6325000	169.254471
911500	6325000	102.97271
916500	6325000	87.101501
921500	6325000	36.469421
926500	6325000	27.018284
931500	6325000	22.0825
936500	6325000	-22.280716
941500	6325000	-76.844078
946500	6325000	-97.972862
951500	6325000	-108.767334
956500	6325000	-116.790932
961500	6325000	-122.564354
966500	6325000	-132.007431
971500	6325000	-132.698456
976500	6325000	-136.637985
981500	6325000	-142.319748
986500	6325000	-142.833542
991500	6325000	-145.733398
996500	6325000	-155.410568
731500	6330000	429.31543
736500	6330000	724.252075
741500	6330000	675.208008
746500	6330000	947.812073
751500	6330000	912.429321
756500	6330000	843.107361
761500	6330000	848.18573
766500	6330000	789.75354
771500	6330000	620.131592
776500	6330000	934.148071
781500	6330000	749.97406
786500	6330000	555.259399
791500	6330000	286.409637
796500	6330000	300.545898
801500	6330000	552.416443
806500	6330000	764.67981
811500	6330000	501.516266
816500	6330000	644.366089
821500	6330000	616.6474
826500	6330000	468.578827
831500	6330000	457.812897
836500	6330000	259.355042
841500	6330000	388.401428
846500	6330000	289.319916
851500	6330000	346.568909
856500	6330000	291.122589
861500	6330000	73.243889
866500	6330000	255.473663
871500	6330000	149.595474
876500	6330000	254.66423
881500	6330000	181.726471
886500	6330000	204.432083
891500	6330000	188.850967
896500	6330000	395.690704
901500	6330000	249.137024
906500	6330000	393.765167
911500	6330000	46.56329
916500	6330000	-0.117813
921500	6330000	31.587502
926500	6330000	31.448017
931500	6330000	20.574612
936500	6330000	24.114305
941500	6330000	7.337376
946500	6330000	1.274981
951500	6330000	-0.116085
956500	6330000	-0.117813
961500	6330000	-118.549355
966500	6330000	-126.934258
971500	6330000	-129.096786
976500	6330000	-133.616135
981500	6330000	-139.736374
986500	6330000	-139.554367
991500	6330000	-142.136459
996500	6330000	-145.417603
731500	6335000	825.648865
736500	6335000	823.713074
741500	6335000	656.667053
746500	6335000	728.888
751500	6335000	669.402283
756500	6335000	633.032104
761500	6335000	629.869751
766500	6335000	1026.733765
771500	6335000	948.010559
776500	6335000	801.887695
781500	6335000	754.556091
786500	6335000	1034.077881
791500	6335000	502.946747
796500	6335000	270.738281
801500	6335000	261.055206
806500	6335000	680.915649
811500	6335000	616.151062
816500	6335000	716.798462
821500	6335000	668.886963
826500	6335000	596.468567
831500	6335000	461.771118
836500	6335000	306.416962
841500	6335000	321.989868
846500	6335000	382.356384
851500	6335000	277.659424
856500	6335000	292.34375
861500	6335000	48.319588
866500	6335000	261.026886
871500	6335000	146.156525
876500	6335000	239.007706
881500	6335000	289.735992
886500	6335000	118.402824
891500	6335000	178.405304
896500	6335000	423.326477
901500	6335000	434.056366
906500	6335000	370.726898
911500	6335000	16.014902
916500	6335000	41.628986
921500	6335000	49.310436
926500	6335000	35.853985
931500	6335000	11.566823
936500	6335000	38.12534
941500	6335000	2.892459
946500	6335000	-0.117813
951500	6335000	-0.117813
956500	6335000	-0.117813
961500	6335000	0.023812
966500	6335000	-120.697304
971500	6335000	-126.734566
976500	6335000	-129.786346
981500	6335000	-136.734161
986500	6335000	-146.121475
991500	6335000	-140.602966
996500	6335000	-145.047775
731500	6340000	724.772583
736500	6340000	420.533691
741500	6340000	874.335815
746500	6340000	659.544373
751500	6340000	689.451965
756500	6340000	797.276428
761500	6340000	976.591553
766500	6340000	1071.527344
771500	6340000	886.516724
776500	6340000	790.235229
781500	6340000	750.662292
786500	6340000	340.034515
791500	6340000	414.297333
796500	6340000	337.672302
801500	6340000	483.398254
806500	6340000	516.464783
811500	6340000	687.342102
816500	6340000	796.526794
821500	6340000	650.364136
826500	6340000	687.593323
831500	6340000	469.773743
836500	6340000	364.084808
841500	6340000	317.603577
846500	6340000	273.319489
851500	6340000	163.20903
856500	6340000	114.211754
861500	6340000	374.596283
866500	6340000	202.951004
871500	6340000	242.881088
876500	6340000	231.418747
881500	6340000	128.866913
886500	6340000	167.520874
891500	6340000	196.708832
896500	6340000	420.676056
901500	6340000	150.143234
906500	6340000	357.267639
911500	6340000	337.807159
916500	6340000	255.314423
921500	6340000	40.917152
926500	6340000	32.294262
931500	6340000	1.676049
936500	6340000	55.664814
941500	6340000	3.974061
946500	6340000	2.226649
951500	6340000	0.665129
956500	6340000	0.157372
961500	6340000	0.009588
966500	6340000	0.012236
971500	6340000	-122.176064
976500	6340000	-128.282593
981500	6340000	-132.271439
986500	6340000	-142.53656
991500	6340000	-142.07106
996500	6340000	-140.246964
731500	6345000	815.884583
736500	6345000	853.950134
741500	6345000	958.71344
746500	6345000	653.085632
751500	6345000	799.405701
756500	6345000	918.796082
761500	6345000	874.390076
766500	6345000	896.090637
771500	6345000	1080.052856
776500	6345000	632.510254
781500	6345000	522.876587
786500	6345000	556.124695
791500	6345000	426.805054
796500	6345000	571.274841
801500	6345000	404.863464
806500	6345000	685.330078
811500	6345000	590.597778
816500	6345000	517.968933
821500	6345000	587.74231
826500	6345000	513.758911
831500	6345000	295.42099
836500	6345000	375.805878
841500	6345000	322.599762
846500	6345000	236.941605
851500	6345000	181.702164
856500	6345000	228.487091
861500	6345000	335.600159
866500	6345000	248.22757
871500	6345000	266.850311
876500	6345000	285.215576
881500	6345000	359.120605
886500	6345000	153.488815
891500	6345000	283.093231
896500	6345000	226.790009
901500	6345000	173.031662
906500	6345000	198.138123
911500	6345000	169.434509
916500	6345000	149.68042
921500	6345000	61.565746
926500	6345000	41.792904
931500	6345000	63.783962
936500	6345000	53.991219
941500	6345000	43.134113
946500	6345000	32.645786
951500	6345000	-0.117813
956500	6345000	0.410457
961500	6345000	0.06497
966500	6345000	0.042237
971500	6345000	-116.023766
976500	6345000	-122.227905
981500	6345000	-124.764206
986500	6345000	-132.431137
991500	6345000	-136.813019
996500	6345000	-136.156403
731500	6350000	747.343628
736500	6350000	823.581055
741500	6350000	779.055542
746500	6350000	931.280396
751500	6350000	683.847595
756500	6350000	831.239746
761500	6350000	832.762085
766500	6350000	804.141479
771500	6350000	785.281799
776500	6350000	719.650024
781500	6350000	696.709717
786500	6350000	548.672485
791500	6350000	525.53656
796500	6350000	635.232544
801500	6350000	565.233276
806500	6350000	571.570984
811500	6350000	690.807617
816500	6350000	523.905396
821500	6350000	690.859619
826500	6350000	723.840454
831500	6350000	497.404999
836500	6350000	437.149414
841500	6350000	345.266632
846500	6350000	291.200073
851500	6350000	227.318192
856500	6350000	328.478394
861500	6350000	337.071045
866500	6350000	281.59906
871500	6350000	212.901764
876500	6350000	210.131729
881500	6350000	150.337997
886500	6350000	139.619385
891500	6350000	186.139618
896500	6350000	110.612808
901500	6350000	143.265182
906500	6350000	206.734619
911500	6350000	186.464615
916500	6350000	130.86319
921500	6350000	167.196259
926500	6350000	67.290359
931500	6350000	54.175362
936500	6350000	52.695934
941500	6350000	21.301851
946500	6350000	1.975767
951500	6350000	-0.117813
956500	6350000	0.425342
961500	6350000	0.162382
966500	6350000	-0.117813
971500	6350000	-0.117813
976500	6350000	-116.408844
981500	6350000	-119.737297
986500	6350000	-126.444221
991500	6350000	-133.926941
996500	6350000	-137.353546
731500	6355000	785.583923
736500	6355000	720.143677
741500	6355000	800.009888
746500	6355000	851.535522
751500	6355000	745.698181
756500	6355000	740.687622
761500	6355000	779.125
766500	6355000	807.515503
771500	6355000	767.676819
776500	6355000	724.21405
781500	6355000	828.891235
786500	6355000	764.057251
791500	6355000	513.45697
796500	6355000	633.506897
801500	6355000	942.666382
806500	6355000	898.084351
811500	6355000	864.202576
816500	6355000	699.333191
821500	6355000	727.40094
826500	6355000	665.592468
831500	6355000	501.742584
836500	6355000	565.712463
841500	6355000	356.643005
846500	6355000	396.475037
851500	6355000	277.301178
856500	6355000	193.112473
861500	6355000	340.926056
866500	6355000	328.794556
871500	6355000	180.836472
876500	6355000	237.383789
881500	6355000	216.647278
886500	6355000	242.358337
891500	6355000	173.353607
896500	6355000	187.835938
901500	6355000	175.678772
906500	6355000	99.995468
911500	6355000	59.84346
916500	6355000	91.277451
921500	6355000	42.894848
926500	6355000	57.91518
931500	6355000	118.191154
936500	6355000	-0.117813
941500	6355000	10.861765
946500	6355000	7.18604
951500	6355000	2.764919
956500	6355000	7.937232
961500	6355000	-0.117813
966500	6355000	0.736878
971500	6355000	-0.117813
976500	6355000	0.755762
981500	6355000	-100.654274
986500	6355000	-111.787643
991500	6355000	-129.722809
996500	6355000	-135.901825
731500	6360000	894.58606
736500	6360000	1034.706665
741500	6360000	898.005676
746500	6360000	889.7052
751500	6360000	828.760498
756500	6360000	887.165833
761500	6360000	680.181885
766500	6360000	715.343872
771500	6360000	620.352661
776500	6360000	687.779846
781500	6360000	724.778198
786500	6360000	625.848022
791500	6360000	833.830261
796500	6360000	617.549072
801500	6360000	777.778198
806500	6360000	658.300415
811500	6360000	978.603149
816500	6360000	949.330322
821500	6360000	626.691223
826500	6360000	692.675781
831500	6360000	569.282715
836500	6360000	645.169617
841500	6360000	324.154938
846500	6360000	461.647858
851500	6360000	317.201996
856500	6360000	184.081833
861500	6360000	213.07988
866500	6360000	412.248657
871500	6360000	451.820648
876500	6360000	340.605133
881500	6360000	307.70105
886500	6360000	387.055786
891500	6360000	202.683945
896500	6360000	305.955353
901500	6360000	159.263702
906500	6360000	77.01899
911500	6360000	109.191177
916500	6360000	57.255367
921500	6360000	27.149607
926500	6360000	63.293839
931500	6360000	71.488922
936500	6360000	13.274733
941500	6360000	-0.117813
946500	6360000	20.116762
951500	6360000	10.222567
956500	6360000	5.642943
961500	6360000	10.243022
966500	6360000	10.732918
971500	6360000	4.152519
976500	6360000	-0.117813
981500	6360000	-20.616816
986500	6360000	-95.766884
991500	6360000	-113.333549
996500	6360000	-121.779915
731500	6365000	814.169556
736500	6365000	827.316345
741500	6365000	776.519104
746500	6365000	911.589111
751500	6365000	871.648315
756500	6365000	843.522705
761500	6365000	594.857666
766500	6365000	709.296082
771500	6365000	582.483643
776500	6365000	573.00708
781500	6365000	619.005249
786500	6365000	726.468384
791500	6365000	669.124756
796500	6365000	729.815735
801500	6365000	801.556702
806500	6365000	1114.927612
811500	6365000	853.699463
816500	6365000	609.377808
821500	6365000	903.655884
826500	6365000	577.946594
831500	6365000	444.866608
836500	6365000	712.317444
841500	6365000	483.785736
846500	6365000	337.591766
851500	6365000	260.24884
856500	6365000	333.618958
861500	6365000	271.210419
866500	6365000	319.155945
871500	6365000	483.468536
876500	6365000	341.646118
881500	6365000	159.481567
886500	6365000	437.651825
891500	6365000	402.699463
896500	6365000	496.42337
901500	6365000	113.499756
906500	6365000	49.362717
911500	6365000	80.76033
916500	6365000	51.383156
921500	6365000	-0.117813
926500	6365000	13.992293
931500	6365000	27.181866
936500	6365000	12.42732
941500	6365000	-0.117813
946500	6365000	2.774667
951500	6365000	6.326972
956500	6365000	10.115417
961500	6365000	19.114359
966500	6365000	1.885186
971500	6365000	11.307246
976500	6365000	5.712741
981500	6365000	25.16683
986500	6365000	5.954352
991500	6365000	-91.468788
996500	6365000	-113.570969
731500	6370000	771.691711
736500	6370000	563.198608
741500	6370000	553.312683
746500	6370000	920.815308
751500	6370000	854.216858
756500	6370000	837.649719
761500	6370000	655.160767
766500	6370000	709.224854
771500	6370000	628.118408
776500	6370000	619.068604
781500	6370000	628.842163
786500	6370000	615.729797
791500	6370000	673.653137
796500	6370000	736.624817
801500	6370000	771.828369
806500	6370000	866.227539
811500	6370000	754.140442
816500	6370000	1081.818359
821500	6370000	797.920471
826500	6370000	801.239502
831500	6370000	685.13623
836500	6370000	633.06543
841500	6370000	606.315247
846500	6370000	251.952087
851500	6370000	374.13916
856500	6370000	321.559265
861500	6370000	386.141235
866500	6370000	291.852417
871500	6370000	314.28418
876500	6370000	234.02597
881500	6370000	109.319633
886500	6370000	14.400931
891500	6370000	252.537445
896500	6370000	69.687576
901500	6370000	92.982819
906500	6370000	51.836079
911500	6370000	88.288231
916500	6370000	63.713753
921500	6370000	12.950324
926500	6370000	5.434397
931500	6370000	12.748427
936500	6370000	-0.117813
941500	6370000	27.323719
946500	6370000	-0.117813
951500	6370000	43.721519
956500	6370000	40.84951
961500	6370000	6.103554
966500	6370000	22.29073
971500	6370000	47.398811
976500	6370000	44.95636
981500	6370000	23.432396
986500	6370000	7.361789
991500	6370000	-22.275257
996500	6370000	-109.690163
731500	6375000	621.871399
736500	6375000	780.862366
741500	6375000	677.195129
746500	6375000	620.602722
751500	6375000	742.582886
756500	6375000	681.827698
761500	6375000	651.157959
766500	6375000	740.338867
771500	6375000	655.39386
776500	6375000	661.768921
781500	6375000	677.744385
786500	6375000	690.914307
791500	6375000	738.754211
796500	6375000	772.761536
801500	6375000	1023.597534
806500	6375000	1104.434326
811500	6375000	355.017487
816500	6375000	888.567749
821500	6375000	482.840485
826500	6375000	832.811462
831500	6375000	852.890076
836500	6375000	376.896423
841500	6375000	671.520142
846500	6375000	499.299225
851500	6375000	390.203674
856500	6375000	402.380554
861500	6375000	379.483856
866500	6375000	295.731445
871500	6375000	277.827118
876500	6375000	40.128796
881500	6375000	92.773598
886500	6375000	101.194878
891500	6375000	75.033722
896500	6375000	85.688446
901500	6375000	95.671944
906500	6375000	86.685059
911500	6375000	70.048782
916500	6375000	36.229225
921500	6375000	24.174149
926500	6375000	16.435703
931500	6375000	30.810024
936500	6375000	25.653706
941500	6375000	59.700321
946500	6375000	10.703626
951500	6375000	31.900673
956500	6375000	64.296257
961500	6375000	41.504597
966500	6375000	39.621731
971500	6375000	149.948044
976500	6375000	102.102737
981500	6375000	19.396528
986500	6375000	2.717202
991500	6375000	-10.69309
996500	6375000	-42.563976
731500	6380000	572.435303
736500	6380000	649.401917
741500	6380000	775.974854
746500	6380000	526.028198
751500	6380000	571.088562
756500	6380000	456.338959
761500	6380000	752.440308
766500	6380000	623.12207
771500	6380000	651.84436
776500	6380000	646.887817
781500	6380000	728.263245
786500	6380000	744.864441
791500	6380000	772.057678
796500	6380000	719.897156
801500	6380000	955.792847
806500	6380000	922.37146
811500	6380000	523.166077
816500	6380000	409.700867
821500	6380000	681.352112
826500	6380000	878.954102
831500	6380000	637.145386
836500	6380000	682.489197
841500	6380000	703.127563
846500	6380000	413.086853
851500	6380000	493.375031
856500	6380000	393.84024
861500	6380000	382.822266
866500	6380000	387.727966
871500	6380000	451.996155
876500	6380000	41.44656
881500	6380000	70.771851
886500	6380000	76.362106
891500	6380000	92.000244
896500	6380000	60.095737
901500	6380000	112.742012
906500	6380000	19.696129
911500	6380000	49.502419
916500	6380000	77.509552
921500	6380000	28.725002
926500	6380000	84.370689
931500	6380000	-0.117813
936500	6380000	47.83725
941500	6380000	106.844078
946500	6380000	17.363203
951500	6380000	40.040749
956500	6380000	39.782948
961500	6380000	-0.117813
966500	6380000	10.919634
971500	6380000	41.229702
976500	6380000	83.552444
981500	6380000	11.142516
986500	6380000	-0.117813
991500	6380000	6.250859
996500	6380000	0.129015
731500	6385000	691.359131
736500	6385000	761.101257
741500	6385000	697.39386
746500	6385000	474.077698
751500	6385000	734.330017
756500	6385000	649.204834
761500	6385000	546.927307
766500	6385000	527.856995
771500	6385000	602.350098
776500	6385000	651.947388
781500	6385000	687.878296
786500	6385000	668.940613
791500	6385000	666.33136
796500	6385000	844.98407
801500	6385000	898.571716
806500	6385000	829.694641
811500	6385000	748.040161
816500	6385000	519.195618
821500	6385000	510.121399
826500	6385000	656.959167
831500	6385000	544.236755
836500	6385000	543.724915
841500	6385000	441.364868
846500	6385000	520.436584
851500	6385000	398.921967
856500	6385000	466.113159
861500	6385000	390.757507
866500	6385000	501.338837
871500	6385000	344.973511
876500	6385000	41.012615
881500	6385000	98.543945
886500	6385000	36.8288
891500	6385000	49.948948
896500	6385000	33.551411
901500	6385000	36.073002
906500	6385000	15.812642
911500	6385000	72.41378
916500	6385000	50.490738
921500	6385000	195.866867
926500	6385000	63.907402
931500	6385000	31.451469
936500	6385000	228.485413
941500	6385000	37.582958
946500	6385000	11.868517
951500	6385000	65.871513
956500	6385000	76.461594
961500	6385000	42.206116
966500	6385000	13.665071
971500	6385000	26.443136
976500	6385000	84.176109
981500	6385000	32.689518
986500	6385000	48.846794
991500	6385000	44.327568
996500	6385000	10.690636
731500	6390000	577.451233
736500	6390000	550.19751
741500	6390000	584.875366
746500	6390000	438.224091
751500	6390000	620.907837
756500	6390000	588.18573
761500	6390000	622.653625
766500	6390000	656.283508
771500	6390000	769.456848
776500	6390000	877.785217
781500	6390000	686.195618
786500	6390000	530.286316
791500	6390000	600.833313
796500	6390000	499.320221
801500	6390000	718.178894
806500	6390000	636.761963
811500	6390000	419.510986
816500	6390000	579.896729
821500	6390000	304.622284
826500	6390000	479.796631
831500	6390000	437.579193
836500	6390000	496.980591
841500	6390000	413.830261
846500	6390000	373.195862
851500	6390000	298.474365
856500	6390000	198.113144
861500	6390000	553.857239
866500	6390000	386.029388
871500	6390000	172.368668
876500	6390000	68.026665
881500	6390000	50.366341
886500	6390000	56.128609
891500	6390000	85.56871
896500	6390000	83.444908
901500	6390000	33.194736
906500	6390000	81.067528
911500	6390000	225.637711
916500	6390000	318.981445
921500	6390000	372.897552
926500	6390000	48.884598
931500	6390000	11.417056
936500	6390000	182.808395
941500	6390000	150.146927
946500	6390000	80.891266
951500	6390000	16.72016
956500	6390000	160.319534
961500	6390000	109.582657
966500	6390000	21.695797
971500	6390000	29.27475
976500	6390000	40.432037
981500	6390000	60.083214
986500	6390000	103.183754
991500	6390000	21.306231
996500	6390000	11.028673
731500	6395000	698.962891
736500	6395000	410.743988
741500	6395000	522.275452
746500	6395000	482.075928
751500	6395000	521.776672
756500	6395000	611.943665
761500	6395000	804.921204
766500	6395000	750.222717
771500	6395000	815.115723
776500	6395000	703.520691
781500	6395000	589.635193
786500	6395000	738.922058
791500	6395000	373.999969
796500	6395000	715.980103
801500	6395000	690.264526
806500	6395000	652.318542
811500	6395000	306.577026
816500	6395000	195.413666
821500	6395000	553.55719
826500	6395000	478.876312
831500	6395000	342.827545
836500	6395000	520.389954
841500	6395000	386.623779
846500	6395000	233.341736
851500	6395000	338.862579
856500	6395000	177.016632
861500	6395000	262.310089
866500	6395000	198.540359
871500	6395000	108.859955
876500	6395000	53.390312
881500	6395000	105.589134
886500	6395000	141.081955
891500	6395000	137.210083
896500	6395000	106.378113
901500	6395000	71.797699
906500	6395000	79.289764
911500	6395000	4.233263
916500	6395000	261.878998
921500	6395000	330.829742
926500	6395000	223.498016
931500	6395000	70.882019
936500	6395000	91.249168
941500	6395000	61.285389
946500	6395000	79.214531
951500	6395000	71.941757
956500	6395000	164.319473
961500	6395000	60.445557
966500	6395000	29.401224
971500	6395000	178.836685
976500	6395000	78.286842
981500	6395000	53.1381
986500	6395000	51.139317
991500	6395000	50.032356
996500	6395000	75.235237
731500	6400000	572.155884
736500	6400000	444.511658
741500	6400000	407.968109
746500	6400000	494.290222
751500	6400000	612.876709
756500	6400000	563.325439
761500	6400000	620.581299
766500	6400000	764.577454
771500	6400000	595.06897
776500	6400000	581.669128
781500	6400000	537.417603
786500	6400000	581.720703
791500	6400000	388.26297
796500	6400000	533.56897
801500	6400000	537.367432
806500	6400000	623.782227
811500	6400000	424.447052
816500	6400000	599.326416
821500	6400000	473.556671
826500	6400000	446.158295
831500	6400000	361.091919
836500	6400000	390.815552
841500	6400000	225.087814
846500	6400000	157.851044
851500	6400000	505.873901
856500	6400000	110.920624
861500	6400000	74.799484
866500	6400000	111.906189
871500	6400000	115.507622
876500	6400000	96.997353
881500	6400000	117.308975
886500	6400000	87.537468
891500	6400000	84.497292
896500	6400000	160.52565
901500	6400000	129.452774
906500	6400000	54.961185
911500	6400000	196.833008
916500	6400000	229.940506
921500	6400000	136.101379
926500	6400000	80.291458
931500	6400000	59.203438
936500	6400000	145.056595
941500	6400000	260.31546
946500	6400000	48.110912
951500	6400000	79.20063
956500	6400000	50.826546
961500	6400000	179.793289
966500	6400000	43.211956
971500	6400000	91.323326
976500	6400000	333.393829
981500	6400000	84.262238
986500	6400000	21.756857
991500	6400000	58.35062
996500	6400000	112.692017
731500	6405000	437.089233
736500	6405000	528.179688
741500	6405000	625.863708
746500	6405000	554.316284
751500	6405000	483.12619
756500	6405000	489.065002
761500	6405000	504.655701
766500	6405000	653.620544
771500	6405000	646.568359
776500	6405000	442.687256
781500	6405000	574.192932
786500	6405000	332.285461
791500	6405000	359.756256
796500	6405000	293.087616
801500	6405000	521.436829
806500	6405000	459.355591
811500	6405000	311.910126
816500	6405000	414.367767
821500	6405000	126.642281
826500	6405000	207.228256
831500	6405000	360.190582
836500	6405000	213.871414
841500	6405000	209.968719
846500	6405000	84.514122
851500	6405000	12.409095
856500	6405000	182.68425
861500	6405000	104.834007
866500	6405000	137.958618
871500	6405000	175.582565
876500	6405000	125.929337
881500	6405000	103.632324
886500	6405000	99.426865
891500	6405000	127.894188
896500	6405000	135.629303
901500	6405000	693.447327
906500	6405000	125.636559
911500	6405000	167.612747
916500	6405000	318.536407
921500	6405000	113.705353
926500	6405000	66.882309
931500	6405000	59.078415
936500	6405000	163.526215
941500	6405000	151.891068
946500	6405000	63.084019
951500	6405000	136.146469
956500	6405000	192.221985
961500	6405000	109.208832
966500	6405000	25.53685
971500	6405000	122.80864
976500	6405000	199.86525
981500	6405000	96.562202
986500	6405000	73.166191
991500	6405000	15.067932
996500	6405000	104.380135
731500	6410000	463.836365
736500	6410000	457.096161
741500	6410000	552.091309
746500	6410000	472.230164
751500	6410000	508.161926
756500	6410000	740.720825
761500	6410000	640.562927
766500	6410000	751.525757
771500	6410000	672.009338
776500	6410000	411.917236
781500	6410000	346.133331
786500	6410000	488.999176
791500	6410000	453.987457
796500	6410000	296.522491
801500	6410000	359.54892
806500	6410000	338.761139
811500	6410000	255.780396
816500	6410000	213.409073
821500	6410000	196.906891
826500	6410000	188.796143
831500	6410000	173.18306
836500	6410000	127.754967
841500	6410000	178.664337
846500	6410000	68.986092
851500	6410000	331.122986
856500	6410000	168.355301
861500	6410000	155.000626
866500	6410000	211.42485
871500	6410000	194.679718
876500	6410000	125.36142
881500	6410000	108.057388
886500	6410000	169.979126
891500	6410000	268.078827
896500	6410000	255.084305
901500	6410000	413.229126
906500	6410000	206.727417
911500	6410000	266.983978
916500	6410000	506.898682
921500	6410000	356.965546
926500	6410000	69.146454
931500	6410000	231.27063
936500	6410000	292.397705
941500	6410000	198.171982
946500	6410000	91.510391
951500	6410000	76.208015
956500	6410000	205.985977
961500	6410000	62.810928
966500	6410000	103.862312
971500	6410000	202.087402
976500	6410000	255.229965
981500	6410000	258.155579
986500	6410000	300.523132
991500	6410000	-0.117813
996500	6410000	83.189034
731500	6415000	489.857056
736500	6415000	444.954193
741500	6415000	477.897003
746500	6415000	453.795776
751500	6415000	504.189514
756500	6415000	521.698364
761500	6415000	516.764343
766500	6415000	502.93631
771500	6415000	414.911804
776500	6415000	325.756104
781500	6415000	478.781647
786500	6415000	225.729614
791500	6415000	251.517456
796500	6415000	334.172211
801500	6415000	334.062439
806500	6415000	298.253113
811500	6415000	330.63385
816500	6415000	242.621216
821500	6415000	277.106995
826500	6415000	167.710434
831500	6415000	219.491333
836500	6415000	90.905487
841500	6415000	258.048035
846500	6415000	132.356079
851500	6415000	120.233017
856500	6415000	204.352493
861500	6415000	280.502991
866500	6415000	239.747162
871500	6415000	185.226624
876500	6415000	150.72847
881500	6415000	185.032578
886500	6415000	279.687286
891500	6415000	231.000305
896500	6415000	265.02887
901500	6415000	148.030884
906500	6415000	231.911285
911500	6415000	358.454956
916500	6415000	328.00708
921500	6415000	261.020477
926500	6415000	434.841003
931500	6415000	231.300354
936500	6415000	192.88414
941500	6415000	110.275154
946500	6415000	112.098343
951500	6415000	126.075226
956500	6415000	142.818192
961500	6415000	205.308411
966500	6415000	75.500648
971500	6415000	249.945526
976500	6415000	219.702744
981500	6415000	342.669739
986500	6415000	220.627655
991500	6415000	57.202145
996500	6415000	384.466827
731500	6420000	394.828003
736500	6420000	425.178711
741500	6420000	436.619049
746500	6420000	459.177887
751500	6420000	542.215027
756500	6420000	588.237854
761500	6420000	493.654419
766500	6420000	428.027283
771500	6420000	449.176971
776500	6420000	453.15506
781500	6420000	426.150726
786500	6420000	400.472565
791500	6420000	424.10257
796500	6420000	389.629089
801500	6420000	329.193756
806500	6420000	238.531036
811500	6420000	267.174866
816500	6420000	207.766586
821500	6420000	298.42691
826500	6420000	322.95871
831500	6420000	165.201126
836500	6420000	263.869202
841500	6420000	177.740906
846500	6420000	170.564438
851500	6420000	180.563324
856500	6420000	159.985291
861500	6420000	168.084076
866500	6420000	163.779678
871500	6420000	223.356705
876500	6420000	268.12619
881500	6420000	396.504486
886500	6420000	293.278412
891500	6420000	438.599701
896500	6420000	300.376343
901500	6420000	283.416962
906500	6420000	236.058533
911500	6420000	512.525635
916500	6420000	207.473312
921500	6420000	203.042999
926500	6420000	362.80484
931500	6420000	241.22435
936500	6420000	218.547226
941500	6420000	-0.117813
946500	6420000	505.554382
951500	6420000	515.003296
956500	6420000	118.449654
961500	6420000	99.718399
966500	6420000	69.162041
971500	6420000	180.840958
976500	6420000	252.685577
981500	6420000	487.715302
986500	6420000	155.479843
991500	6420000	207.983521
996500	6420000	185.297302
731500	6425000	481.108398
736500	6425000	471.151459
741500	6425000	446.817871
746500	6425000	478.223114
751500	6425000	486.190369
756500	6425000	458.882385
761500	6425000	436.521545
766500	6425000	385.345093
771500	6425000	494.707306
776500	6425000	420.684601
781500	6425000	381.880157
786500	6425000	352.656952
791500	6425000	387.806396
796500	6425000	315.027985
801500	6425000	250.94339
806500	6425000	383.033936
811500	6425000	313.528473
816500	6425000	257.182281
821500	6425000	363.982605
826500	6425000	173.038803
831500	6425000	194.072723
836500	6425000	363.496429
841500	6425000	336.034576
846500	6425000	180.967651
851500	6425000	215.151855
856500	6425000	260.982849
861500	6425000	215.811966
866500	6425000	175.844818
871500	6425000	194.800919
876500	6425000	425.511444
881500	6425000	435.203308
886500	6425000	528.204956
891500	6425000	344.761261
896500	6425000	548.824707
901500	6425000	475.154541
906500	6425000	628.527527
911500	6425000	546.89624
916500	6425000	470.299164
921500	6425000	353.842926
926500	6425000	320.734436
931500	6425000	261.193848
936500	6425000	269.994934
941500	6425000	423.853699
946500	6425000	493.513153
951500	6425000	134.670578
956500	6425000	151.336197
961500	6425000	276.940186
966500	6425000	73.366287
971500	6425000	242.17041
976500	6425000	180.730453
981500	6425000	252.647781
986500	6425000	147.576584
991500	6425000	115.498383
996500	6425000	105.296921
731500	6430000	482.616089
736500	6430000	496.806702
741500	6430000	493.051514
746500	6430000	575.376831
751500	6430000	572.922058
756500	6430000	480.225311
761500	6430000	464.633362
766500	6430000	539.07373
771500	6430000	469.739197
776500	6430000	317.256775
781500	6430000	339.037689
786500	6430000	280.671356
791500	6430000	377.755768
796500	6430000	338.412048
801500	6430000	318.415283
806500	6430000	381.500092
811500	6430000	300.003571
816500	6430000	263.823517
821500	6430000	353.102692
826500	6430000	287.246094
831500	6430000	180.10199
836500	6430000	254.602997
841500	6430000	328.715363
846500	6430000	240.38237
851500	6430000	254.373322
856500	6430000	309.052338
861500	6430000	215.725937
866500	6430000	205.698044
871500	6430000	210.268616
876500	6430000	207.591919
881500	6430000	371.65744
886500	6430000	364.01828
891500	6430000	536.469543
896500	6430000	440.807709
901500	6430000	853.650085
906500	6430000	791.924683
911500	6430000	495.705811
916500	6430000	256.03421
921500	6430000	563.583923
926500	6430000	259.719177
931500	6430000	360.589111
936500	6430000	359.088684
941500	6430000	915.352478
946500	6430000	576.032593
951500	6430000	555.669495
956500	6430000	359.639832
961500	6430000	193.952087
966500	6430000	113.542969
971500	6430000	440.515198
976500	6430000	491.030212
981500	6430000	298.223236
986500	6430000	108.408752
991500	6430000	101.211685
996500	6430000	94.464836
731500	6435000	497.18631
736500	6435000	538.428711
741500	6435000	501.646057
746500	6435000	461.859436
751500	6435000	493.11673
756500	6435000	562.846985
761500	6435000	488.836548
766500	6435000	374.349518
771500	6435000	431.015686
776500	6435000	459.026031
781500	6435000	432.225586
786500	6435000	340.374786
791500	6435000	361.974304
796500	6435000	376.373535
801500	6435000	366.666779
806500	6435000	395.358124
811500	6435000	284.014374
816500	6435000	266.604004
821500	6435000	372.423492
826500	6435000	348.884277
831500	6435000	259.169769
836500	6435000	375.353333
841500	6435000	296.815277
846500	6435000	198.547104
851500	6435000	517.181763
856500	6435000	333.036591
861500	6435000	183.799179
866500	6435000	134.725479
871500	6435000	253.42778
876500	6435000	234.64978
881500	6435000	214.08461
886500	6435000	358.02417
891500	6435000	435.201294
896500	6435000	519.741394
901500	6435000	766.044556
906500	6435000	917.076599
911500	6435000	428.777802
916500	6435000	638.596558
921500	6435000	610.177124
926500	6435000	574.925964
931500	6435000	761.254028
936500	6435000	625.876709
941500	6435000	775.90979
946500	6435000	313.067688
951500	6435000	981.034607
956500	6435000	497.473328
961500	6435000	223.171448
966500	6435000	120.340172
971500	6435000	368.117859
976500	6435000	191.761292
981500	6435000	178.143875
986500	6435000	56.911327
991500	6435000	126.138748
996500	6435000	82.620445
731500	6440000	525.956116
736500	6440000	475.384827
741500	6440000	486.597351
746500	6440000	423.780731
751500	6440000	498.617737
756500	6440000	473.979767
761500	6440000	539.912659
766500	6440000	429.906616
771500	6440000	476.619476
776500	6440000	434.445007
781500	6440000	331.781311
786500	6440000	438.800079
791500	6440000	319.844208
796500	6440000	417.895142
801500	6440000	351.299652
806500	6440000	348.118622
811500	6440000	352.118774
816500	6440000	259.790985
821500	6440000	424.33371
826500	6440000	411.499268
831500	6440000	242.767761
836500	6440000	384.459412
841500	6440000	288.459198
846500	6440000	383.876953
851500	6440000	621.55365
856500	6440000	293.657227
861500	6440000	160.456177
866500	6440000	322.427429
871500	6440000	195.030334
876500	6440000	253.085068
881500	6440000	405.33316
886500	6440000	266.668304
891500	6440000	483.295166
896500	6440000	522.6474
901500	6440000	472.221313
906500	6440000	740.892883
911500	6440000	692.083191
916500	6440000	768.44519
921500	6440000	660.359985
926500	6440000	776.331604
931500	6440000	711.879822
936500	6440000	1219.330566
941500	6440000	717.919617
946500	6440000	814.272888
951500	6440000	149.878464
956500	6440000	517.041504
961500	6440000	273.239502
966500	6440000	78.552094
971500	6440000	418.39212
976500	6440000	246.051254
981500	6440000	262.902557
986500	6440000	191.476486
991500	6440000	119.005402
996500	6440000	77.336723
731500	6445000	435.79129
736500	6445000	416.171722
741500	6445000	408.567902
746500	6445000	419.951263
751500	6445000	512.205688
756500	6445000	434.873138
761500	6445000	546.895569
766500	6445000	424.438538
771500	6445000	502.151276
776500	6445000	462.504181
781500	6445000	334.063446
786500	6445000	440.779144
791500	6445000	315.311157
796500	6445000	403.717346
801500	6445000	432.105804
806500	6445000	366.409576
811500	6445000	475.547791
816500	6445000	289.392944
821500	6445000	353.792419
826500	6445000	431.662079
831500	6445000	274.370911
836500	6445000	457.294006
841500	6445000	225.065125
846500	6445000	387.056183
851500	6445000	457.857056
856500	6445000	388.472107
861500	6445000	213.869934
866500	6445000	437.808014
871500	6445000	188.826797
876500	6445000	274.581848
881500	6445000	288.803467
886500	6445000	780.086243
891500	6445000	694.156189
896500	6445000	927.244019
901500	6445000	1003.246216
906500	6445000	1308.379272
911500	6445000	710.120972
916500	6445000	1363.121582
921500	6445000	1471.126953
926500	6445000	1348.477905
931500	6445000	876.230408
936500	6445000	835.435547
941500	6445000	380.72937
946500	6445000	284.679535
951500	6445000	508.572418
956500	6445000	179.663452
961500	6445000	187.659897
966500	6445000	126.743576
971500	6445000	98.22155
976500	6445000	167.988464
981500	6445000	290.695404
986500	6445000	198.825897
991500	6445000	175.034012
996500	6445000	111.177773
731500	6450000	512.230774
736500	6450000	402.293732
741500	6450000	590.98291
746500	6450000	547.434814
751500	6450000	526.863281
756500	6450000	532.385254
761500	6450000	444.340057
766500	6450000	550.633911
771500	6450000	506.66571
776500	6450000	433.843811
781500	6450000	418.739014
786500	6450000	466.353455
791500	6450000	432.691132
796500	6450000	340.213013
801500	6450000	485.325317
806500	6450000	415.985077
811500	6450000	539.45105
816500	6450000	312.129486
821500	6450000	287.619263
826500	6450000	482.631927
831500	6450000	356.72113
836500	6450000	440.264038
841500	6450000	250.948059
846500	6450000	374.401276
851500	6450000	311.841217
856500	6450000	464.073944
861500	6450000	144.504456
866500	6450000	365.639496
871500	6450000	297.219086
876500	6450000	262.086914
881500	6450000	339.617859
886500	6450000	301.32135
891500	6450000	387.279572
896500	6450000	472.868896
901500	6450000	463.035278
906500	6450000	609.036194
911500	6450000	1006.751709
916500	6450000	1064.436401
921500	6450000	1567.22937
926500	6450000	1290.476929
931500	6450000	933.557678
936500	6450000	416.487
941500	6450000	427.370575
946500	6450000	262.30603
951500	6450000	268.721405
956500	6450000	351.727295
961500	6450000	150.580093
966500	6450000	90.76442
971500	6450000	104.140762
976500	6450000	239.030136
981500	6450000	168.553482
986500	6450000	121.267799
991500	6450000	224.409897
996500	6450000	164.91748
731500	6455000	393.868286
736500	6455000	392.881683
741500	6455000	431.407379
746500	6455000	603.332397
751500	6455000	642.670471
756500	6455000	536.583252
761500	6455000	584.690979
766500	6455000	500.835388
771500	6455000	521.762268
776500	6455000	452.025696
781500	6455000	396.144409
786500	6455000	545.538025
791500	6455000	505.490875
796500	6455000	370.011444
801500	6455000	540.008972
806500	6455000	524.090027
811500	6455000	643.409607
816500	6455000	334.170837
821500	6455000	382.705505
826500	6455000	591.388184
831500	6455000	448.94458
836500	6455000	250.864456
841500	6455000	463.100281
846500	6455000	410.041962
851500	6455000	690.220642
856500	6455000	178.725357
861500	6455000	261.303528
866500	6455000	422.14267
871500	6455000	446.93924
876500	6455000	342.483765
881500	6455000	345.241699
886500	6455000	387.082977
891500	6455000	387.987152
896500	6455000	557.410828
901500	6455000	670.998657
906500	6455000	581.787537
911500	6455000	1004.560669
916500	6455000	1475.580566
921500	6455000	1521.803955
926500	6455000	1365.497314
931500	6455000	840.831848
936500	6455000	422.414642
941500	6455000	615.338623
946500	6455000	255.350098
951500	6455000	264.306061
956500	6455000	434.725311
961500	6455000	192.155029
966500	6455000	133.388046
971500	6455000	60.239143
976500	6455000	250.834366
981500	6455000	101.867798
986500	6455000	209.383896
991500	6455000	278.861542
996500	6455000	188.021942
731500	6460000	409.987427
736500	6460000	415.473053
741500	6460000	430.190948
746500	6460000	449.74646
751500	6460000	445.140472
756500	6460000	635.255859
761500	6460000	571.381958
766500	6460000	446.93573
771500	6460000	575.944946
776500	6460000	533.998962
781500	6460000	555.216125
786500	6460000	423.09726
791500	6460000	704.205872
796500	6460000	481.765686
801500	6460000	431.649353
806500	6460000	461.02829
811500	6460000	541.789734
816500	6460000	406.346375
821500	6460000	521.911011
826500	6460000	436.859802
831500	6460000	578.874512
836500	6460000	336.062195
841500	6460000	505.62146
846500	6460000	416.161377
851500	6460000	265.551117
856500	6460000	311.820984
861500	6460000	340.946686
866500	6460000	387.285797
871500	6460000	631.768188
876500	6460000	807.87915
881500	6460000	404.859467
886500	6460000	571.048523
891500	6460000	380.276611
896500	6460000	458.829407
901500	6460000	545.458923
906500	6460000	701.698486
911500	6460000	824.66864
916500	6460000	1323.359741
921500	6460000	1491.338013
926500	6460000	1330.001465
931500	6460000	1195.35022
936500	6460000	828.949768
941500	6460000	702.175049
946500	6460000	436.619202
951500	6460000	581.129639
956500	6460000	445.964996
961500	6460000	187.022156
966500	6460000	221.914627
971500	6460000	338.735321
976500	6460000	128.501831
981500	6460000	100.542564
986500	6460000	124.32254
991500	6460000	73.765327
996500	6460000	13.909362
731500	6465000	476.943268
736500	6465000	471.115662
741500	6465000	492.186249
746500	6465000	502.600037
751500	6465000	565.110901
756500	6465000	450.216522
761500	6465000	690.256042
766500	6465000	480.51236
771500	6465000	609.507507
776500	6465000	553.994385
781500	6465000	660.355469
786500	6465000	694.896545
791500	6465000	496.94812
796500	6465000	447.073151
801500	6465000	475.87558
806500	6465000	413.441895
811500	6465000	445.942474
816500	6465000	594.899536
821500	6465000	509.525421
826500	6465000	451.283356
831500	6465000	495.018921
836500	6465000	494.268097
841500	6465000	705.495239
846500	6465000	308.091339
851500	6465000	499.574829
856500	6465000	461.767944
861500	6465000	536.91156
866500	6465000	328.726257
871500	6465000	456.812988
876500	6465000	356.553253
881500	6465000	282.455414
886500	6465000	383.60965
891500	6465000	586.467773
896500	6465000	491.996338
901500	6465000	517.951965
906500	6465000	801.333313
911500	6465000	848.998474
916500	6465000	1244.946899
921500	6465000	1352.406006
926500	6465000	1207.600342
931500	6465000	1188.427002
936500	6465000	1199.127197
941500	6465000	780.356812
946500	6465000	539.689148
951500	6465000	750.246155
956500	6465000	611.069275
961500	6465000	49.256325
966500	6465000	538.957458
971500	6465000	581.747925
976500	6465000	206.06131
981500	6465000	36.760525
986500	6465000	115.67865
991500	6465000	534.140747
996500	6465000	273.046417
731500	6470000	573.050659
736500	6470000	552.646484
741500	6470000	609.130859
746500	6470000	625.31897
751500	6470000	773.763672
756500	6470000	501.365814
761500	6470000	637.846069
766500	6470000	602.181885
771500	6470000	590.512085
776500	6470000	630.041077
781500	6470000	596.562256
786500	6470000	613.96283
791500	6470000	629.628235
796500	6470000	1026.515747
801500	6470000	737.294373
806500	6470000	1204.165405
811500	6470000	1010.170837
816500	6470000	709.478638
821500	6470000	639.442139
826500	6470000	754.294495
831500	6470000	591.14325
836500	6470000	746.069275
841500	6470000	720.221497
846500	6470000	682.783508
851500	6470000	822.809814
856500	6470000	702.72229
861500	6470000	555.876709
866500	6470000	380.467255
871500	6470000	380.871155
876500	6470000	539.290894
881500	6470000	420.402405
886500	6470000	421.517761
891500	6470000	765.026611
896500	6470000	682.568542
901500	6470000	1089.457397
906500	6470000	387.174255
911500	6470000	660.251343
916500	6470000	1122.307495
921500	6470000	1229.911255
926500	6470000	1124.884033
931500	6470000	958.079895
936500	6470000	875.271912
941500	6470000	495.445709
946500	6470000	546.739441
951500	6470000	602.428101
956500	6470000	363.640137
961500	6470000	669.159851
966500	6470000	67.769714
971500	6470000	223.323364
976500	6470000	75.313118
981500	6470000	384.032135
986500	6470000	334.991882
991500	6470000	222.939697
996500	6470000	227.644333
731500	6475000	609.452209
736500	6475000	694.167786
741500	6475000	685.078857
746500	6475000	750.361877
751500	6475000	685.775696
756500	6475000	454.685394
761500	6475000	575.597534
766500	6475000	727.430237
771500	6475000	605.089111
776500	6475000	740.794373
781500	6475000	730.179016
786500	6475000	790.627686
791500	6475000	856.46936
796500	6475000	992.222107
801500	6475000	820.861572
806500	6475000	816.359375
811500	6475000	552.164307
816500	6475000	643.340271
821500	6475000	625.916016
826500	6475000	470.637726
831500	6475000	618.505798
836500	6475000	509.285583
841500	6475000	530.364868
846500	6475000	706.51947
851500	6475000	769.069336
856500	6475000	649.86554
861500	6475000	735.640747
866500	6475000	651.37262
871500	6475000	365.580963
876500	6475000	567.085571
881500	6475000	437.92749
886500	6475000	389.828949
891500	6475000	856.24054
896500	6475000	859.245422
901500	6475000	801.618164
906500	6475000	582.076843
911500	6475000	572.613342
916500	6475000	619.155151
921500	6475000	1104.163696
926500	6475000	1067.307617
931500	6475000	700.787476
936500	6475000	641.158142
941500	6475000	465.774139
946500	6475000	532.255493
951500	6475000	667.354797
956500	6475000	613.891541
961500	6475000	163.446564
966500	6475000	334.802338
971500	6475000	486.907745
976500	6475000	111.974091
981500	6475000	211.868576
986500	6475000	237.798737
991500	6475000	319.317047
996500	6475000	302.812958
731500	6480000	455.224182
736500	6480000	537.49707
741500	6480000	464.157166
746500	6480000	461.154022
751500	6480000	567.160339
756500	6480000	740.832825
761500	6480000	505.422882
766500	6480000	679.3172
771500	6480000	970.110352
776500	6480000	610.092957
781500	6480000	816.401245
786500	6480000	990.815308
791500	6480000	1059.39978
796500	6480000	1064.190552
801500	6480000	900.763855
806500	6480000	785.41217
811500	6480000	583.888245
816500	6480000	584.328979
821500	6480000	552.669983
826500	6480000	462.293427
831500	6480000	502.166595
836500	6480000	477.625305
841500	6480000	559.395813
846500	6480000	703.747314
851500	6480000	717.299866
856500	6480000	646.875244
861500	6480000	603.576233
866500	6480000	604.284912
871500	6480000	705.135864
876500	6480000	476.971832
881500	6480000	565.821899
886500	6480000	382.477051
891500	6480000	738.255371
896500	6480000	775.728943
901500	6480000	735.941223
906500	6480000	776.229736
911500	6480000	726.015259
916500	6480000	826.639709
921500	6480000	1066.011475
926500	6480000	970.560608
931500	6480000	775.938965
936500	6480000	337.190338
941500	6480000	358.505219
946500	6480000	443.85144
951500	6480000	579.220947
956500	6480000	512.365723
961500	6480000	254.307907
966500	6480000	446.160919
971500	6480000	423.579041
976500	6480000	277.169281
981500	6480000	222.202225
986500	6480000	242.365219
991500	6480000	330.465881
996500	6480000	335.167023
