# Time, VRMS, Nusselt
0.000000000000000000e+00 3.128078440589999953e+00 1.959999999999999964e+00
6.103515625000000000e-05 2.738528131629999862e+00 1.656333690609999909e+00
1.220703125000000000e-04 2.562536632730000097e+00 1.517487055649999972e+00
1.831054687500000000e-04 2.294390748960000170e+00 1.433387326689999908e+00
2.441406250000000000e-04 1.808260863769999949e+00 1.376506955209999994e+00
3.051757812500000000e-04 1.761516232029999962e+00 1.334889984369999949e+00
3.662109375000000000e-04 1.573283264290000094e+00 1.303735680710000011e+00
4.272460937500000000e-04 1.459941040059999917e+00 1.279677206809999968e+00
4.882812500000000000e-04 1.368482234130000030e+00 1.260597363350000055e+00
5.493164062500000000e-04 1.293634246249999897e+00 1.245030585609999907e+00
6.103515625000000000e-04 1.249398592939999997e+00 1.232021336909999931e+00
6.713867187500000000e-04 1.241144610999999953e+00 1.220924743529999912e+00
7.324218750000000000e-04 1.231286070519999942e+00 1.211303852799999969e+00
7.934570312500000000e-04 1.226234393479999962e+00 1.202850853149999955e+00
8.544921875000000000e-04 1.224282128000000025e+00 1.195343007389999990e+00
9.155273437500000000e-04 1.225010453359999918e+00 1.188613839859999910e+00
9.765625000000000000e-04 1.227461604079999935e+00 1.182535955469999900e+00
1.037597656250000000e-03 1.231585510689999996e+00 1.177009731460000097e+00
1.098632812500000000e-03 1.237022195120000001e+00 1.171955920530000084e+00
1.159667968750000000e-03 1.243641364359999946e+00 1.167310516059999914e+00
1.220703125000000000e-03 1.251246625480000096e+00 1.163021143789999989e+00
1.281738281250000000e-03 1.259729469200000063e+00 1.159044446150000018e+00
1.342773437500000000e-03 1.268953881520000104e+00 1.155344160080000071e+00
1.403808593750000000e-03 1.278835699630000100e+00 1.151889676899999992e+00
1.464843750000000000e-03 1.289264640300000098e+00 1.148654948289999922e+00
1.525878906250000000e-03 1.300180822880000031e+00 1.145617642770000000e+00
1.586914062500000000e-03 1.311484420179999999e+00 1.142758487120000055e+00
1.647949218750000000e-03 1.323147601809999907e+00 1.140060746050000073e+00
1.708984375000000000e-03 1.335068276199999904e+00 1.137509806790000022e+00
1.770019531250000000e-03 1.347268679079999920e+00 1.135092844309999904e+00
1.831054687500000000e-03 1.359619169129999916e+00 1.132798549080000106e+00
1.892089843750000000e-03 1.372232105459999962e+00 1.130616904020000035e+00
1.953125000000000000e-03 1.384894820640000024e+00 1.128539000520000002e+00
2.014160156250000000e-03 1.397902789370000010e+00 1.126556885280000087e+00
2.075195312500000000e-03 1.410836257039999930e+00 1.124663432710000022e+00
2.136230468750000000e-03 1.424319563130000077e+00 1.122852237060000036e+00
2.197265625000000000e-03 1.437389405540000054e+00 1.121117521860000021e+00
2.258300781250000000e-03 1.451106665830000031e+00 1.119454062340000000e+00
2.319335937500000000e-03 1.463869094060000098e+00 1.117857119680000011e+00
2.380371093750000000e-03 1.477634192150000025e+00 1.116322384350000085e+00
2.441406250000000000e-03 1.490315534160000066e+00 1.114845927409999993e+00
2.502441406250000000e-03 1.504396359990000098e+00 1.113424158369999972e+00
2.563476562500000000e-03 1.517245560309999908e+00 1.112053788639999929e+00
2.624511718750000000e-03 1.531714488200000002e+00 1.110731799649999907e+00
2.685546875000000000e-03 1.544779278110000043e+00 1.109455415040000004e+00
2.746582031250000000e-03 1.559622472500000079e+00 1.108222076259999911e+00
2.807617187500000000e-03 1.572903980280000003e+00 1.107029421050000018e+00
2.868652343750000000e-03 1.588093953800000069e+00 1.105875264580000072e+00
2.929687500000000000e-03 1.601589553499999985e+00 1.104757582600000010e+00
2.990722656250000000e-03 1.617100686839999968e+00 1.103674496660000059e+00
3.051757812500000000e-03 1.630811111030000093e+00 1.102624260860000094e+00
3.112792968750000000e-03 1.646622120430000003e+00 1.101605250079999987e+00
3.173828125000000000e-03 1.660551494979999987e+00 1.100615949450000075e+00
3.234863281250000000e-03 1.676645396909999919e+00 1.099654944909999932e+00
3.295898437500000000e-03 1.690800199039999896e+00 1.098720914789999892e+00
3.356933593750000000e-03 1.707163850679999983e+00 1.097812622149999973e+00
3.417968750000000000e-03 1.721551906189999981e+00 1.096928907979999979e+00
3.479003906250000000e-03 1.738175520470000013e+00 1.096068684940000093e+00
3.540039062500000000e-03 1.752805227390000109e+00 1.095230931819999975e+00
3.601074218750000000e-03 1.769681933400000018e+00 1.094414688439999894e+00
3.662109375000000000e-03 1.784561719620000098e+00 1.093619051049999902e+00
3.723144531250000000e-03 1.801687171760000039e+00 1.092843168119999930e+00
3.784179687500000000e-03 1.816825155919999935e+00 1.092086236549999922e+00
3.845214843750000000e-03 1.834197184009999981e+00 1.091347498169999986e+00
3.906250000000000000e-03 1.849600999760000031e+00 1.090626236579999908e+00
3.967285156250000000e-03 1.867219293900000077e+00 1.089921774220000028e+00
4.028320312500000000e-03 1.882896036340000023e+00 1.089233469719999903e+00
4.089355468750000000e-03 1.900761863829999898e+00 1.088560715450000105e+00
4.150390625000000000e-03 1.916718120250000101e+00 1.087902935270000038e+00
4.211425781250000000e-03 1.934834073630000040e+00 1.087259582459999985e+00
4.272460937500000000e-03 1.951076006359999893e+00 1.086630137850000066e+00
4.333496093750000000e-03 1.969445782670000034e+00 1.086014107990000088e+00
4.394531250000000000e-03 1.985979239079999958e+00 1.085411023620000082e+00
4.455566406250000000e-03 2.004607449459999913e+00 1.084820438109999952e+00
4.516601562500000000e-03 2.021438081239999907e+00 1.084241926110000032e+00
4.577636718750000000e-03 2.040330089869999863e+00 1.083675082230000086e+00
4.638671875000000000e-03 2.057463470030000074e+00 1.083119519900000105e+00
4.699707031250000000e-03 2.076625260050000144e+00 1.082574870199999983e+00
4.760742187500000000e-03 2.094066990970000042e+00 1.082040780900000110e+00
4.821777343750000000e-03 2.113505055050000081e+00 1.081516915469999951e+00
4.882812500000000000e-03 2.131260864510000186e+00 1.081002952199999978e+00
4.943847656250000000e-03 2.150982116979999859e+00 1.080498583340000041e+00
5.004882812500000000e-03 2.169057941410000190e+00 1.080003514409999976e+00
5.065917968750000000e-03 2.189069649289999919e+00 1.079517463389999987e+00
5.126953125000000000e-03 2.207471704870000107e+00 1.079040160079999922e+00
5.187988281250000000e-03 2.227781434909999803e+00 1.078571345509999890e+00
5.249023437500000000e-03 2.246516278040000092e+00 1.078110771269999990e+00
5.310058593750000000e-03 2.267131857299999886e+00 1.077658199040000042e+00
5.371093750000000000e-03 2.286206435980000062e+00 1.077213400019999989e+00
5.432128906250000000e-03 2.307135923860000215e+00 1.076776154470000080e+00
5.493164062500000000e-03 2.326557621870000148e+00 1.076346251239999940e+00
5.554199218750000000e-03 2.347809291499999951e+00 1.075923487350000096e+00
5.615234375000000000e-03 2.367585966890000115e+00 1.075507667599999939e+00
5.676269531250000000e-03 2.389168294440000118e+00 1.075098604159999915e+00
5.737304687500000000e-03 2.409308313839999993e+00 1.074696116239999943e+00
5.798339843750000000e-03 2.431229974299999874e+00 1.074300029780000054e+00
5.859375000000000000e-03 2.451742244210000088e+00 1.073910177049999914e+00
5.920410156250000000e-03 2.474012112630000093e+00 1.073526396459999921e+00
5.981445312500000000e-03 2.494906108779999965e+00 1.073148532180000059e+00
6.042480468750000000e-03 2.517533266040000051e+00 1.072776433950000108e+00
6.103515625000000000e-03 2.538819061599999927e+00 1.072409956780000062e+00
6.164550781250000000e-03 2.561812803970000108e+00 1.072048960759999892e+00
6.225585937500000000e-03 2.583501097370000110e+00 1.071693310779999964e+00
6.286621093750000000e-03 2.606870949410000193e+00 1.071342876359999918e+00
6.347656250000000000e-03 2.628973092259999866e+00 1.070997531439999984e+00
6.408691406250000000e-03 2.652728822529999864e+00 1.070657154160000069e+00
6.469726562500000000e-03 2.675256848120000086e+00 1.070321626749999977e+00
6.530761718750000000e-03 2.699408487429999948e+00 1.069990835270000051e+00
6.591796875000000000e-03 2.722375140270000049e+00 1.069664669510000055e+00
6.652832031250000000e-03 2.746933002150000025e+00 1.069343022840000046e+00
6.713867187500000000e-03 2.770351768689999883e+00 1.069025791999999919e+00
6.774902343750000000e-03 2.795326472100000181e+00 1.068712877040000064e+00
6.835937500000000000e-03 2.819211613039999786e+00 1.068404181120000018e+00
6.896972656250000000e-03 2.844614106979999946e+00 1.068099610450000014e+00
6.958007812500000000e-03 2.868980691279999995e+00 1.067799074100000079e+00
7.019042968750000000e-03 2.894822281420000198e+00 1.067502483940000024e+00
7.080078125000000000e-03 2.919686222330000192e+00 1.067209754520000109e+00
7.141113281250000000e-03 2.945978599560000077e+00 1.066920802949999914e+00
7.202148437500000000e-03 2.971356692620000128e+00 1.066635548809999889e+00
7.263183593750000000e-03 2.998111963579999983e+00 1.066353914050000018e+00
7.324218750000000000e-03 3.024021927060000170e+00 1.066075822940000029e+00
7.385253906250000000e-03 3.051252646650000067e+00 1.065801201920000052e+00
7.446289062500000000e-03 3.077713164219999964e+00 1.065529979569999952e+00
7.507324218750000000e-03 3.105432370239999962e+00 1.065262086499999983e+00
7.568359375000000000e-03 3.132463136330000175e+00 1.064997455289999895e+00
7.629394531250000000e-03 3.160684386199999807e+00 1.064736020440000042e+00
7.690429687500000000e-03 3.188306153980000168e+00 1.064477718240000037e+00
7.751464843750000000e-03 3.217043563839999898e+00 1.064222486780000088e+00
7.812500000000000000e-03 3.245278196010000116e+00 1.063970265830000095e+00
7.873535156250000000e-03 3.274546482149999882e+00 1.063720996820000098e+00
7.934570312500000000e-03 3.303417004800000001e+00 1.063474622750000043e+00
7.995605468750000000e-03 3.333231527620000190e+00 1.063231088150000003e+00
8.056640625000000000e-03 3.362762187109999967e+00 1.062990339049999955e+00
8.117675781250000000e-03 3.393138997799999945e+00 1.062752322889999990e+00
8.178710937500000000e-03 3.423355320949999836e+00 1.062516988480000091e+00
8.239746093750000000e-03 3.454311210959999823e+00 1.062284285979999909e+00
8.300781250000000000e-03 3.485240068760000032e+00 1.062054166840000091e+00
8.361816406250000000e-03 3.516792622170000104e+00 1.061826583760000053e+00
8.422851562500000000e-03 3.548462297029999934e+00 1.061601490619999977e+00
8.483886718750000000e-03 3.580629946250000195e+00 1.061378842499999919e+00
8.544921875000000000e-03 3.613070203119999935e+00 1.061158595590000031e+00
8.605957031250000000e-03 3.645872287600000039e+00 1.060940707180000109e+00
8.666992187500000000e-03 3.679114449110000074e+00 1.060725135610000036e+00
8.728027343750000000e-03 3.712571277739999953e+00 1.060511840260000005e+00
8.789062500000000000e-03 3.746648303559999782e+00 1.060300781490000066e+00
8.850097656250000000e-03 3.780781220630000217e+00 1.060091920609999905e+00
8.911132812500000000e-03 3.815727791330000063e+00 1.059885219899999953e+00
8.972167968750000000e-03 3.850559246039999994e+00 1.059680642510000048e+00
9.033203125000000000e-03 3.886411851710000143e+00 1.059478152480000102e+00
9.094238281250000000e-03 3.921965471880000109e+00 1.059277714680000093e+00
9.155273437500000000e-03 3.958762505680000210e+00 1.059079294840000074e+00
9.216308593750000000e-03 3.995063175459999893e+00 1.058882859459999937e+00
9.277343750000000000e-03 4.032845032510000038e+00 1.058688375820000083e+00
9.338378906250000000e-03 4.069918974240000153e+00 1.058495811960000088e+00
9.399414062500000000e-03 4.108728156019999744e+00 1.058305136640000033e+00
9.460449218750000000e-03 4.146603016510000295e+00 1.058116319350000056e+00
9.521484375000000000e-03 4.186484241209999624e+00 1.057929330239999910e+00
9.582519531250000000e-03 4.225189182440000302e+00 1.057744140140000066e+00
9.643554687500000000e-03 4.266189501500000425e+00 1.057560720549999944e+00
9.704589843750000000e-03 4.305755295970000063e+00 1.057379043569999899e+00
9.765625000000000000e-03 4.347924217190000107e+00 1.057199081929999895e+00
9.826660156250000000e-03 4.388383347939999624e+00 1.057020808949999946e+00
9.887695312500000000e-03 4.431772965540000442e+00 1.056844198539999891e+00
9.948730468750000000e-03 4.473159730889999963e+00 1.056669225160000058e+00
1.000976562500000000e-02 4.517824862810000397e+00 1.056495863829999937e+00
1.007080078120000007e-02 4.560175486040000337e+00 1.056324090089999945e+00
1.013183593750000000e-02 4.606173818930000330e+00 1.056153880020000102e+00
1.019287109379999993e-02 4.649526562740000202e+00 1.055985210170000022e+00
1.025390625000000000e-02 4.696918804990000140e+00 1.055818057620000028e+00
1.031494140620000007e-02 4.741314090909999557e+00 1.055652399900000038e+00
1.037597656250000000e-02 4.790164134030000298e+00 1.055488215010000008e+00
1.043701171879999993e-02 4.835644666790000379e+00 1.055325481419999933e+00
1.049804687500000000e-02 4.886019755589999569e+00 1.055164178020000065e+00
1.055908203120000007e-02 4.932630652250000303e+00 1.055004284150000027e+00
1.062011718750000000e-02 4.984601564150000108e+00 1.054845779539999917e+00
1.068115234379999993e-02 5.032390488069999890e+00 1.054688644350000093e+00
1.074218750000000000e-02 5.086031721780000403e+00 1.054532859140000056e+00
1.080322265620000007e-02 5.135049021220000398e+00 1.054378404840000005e+00
1.086425781250000000e-02 5.190438995150000068e+00 1.054225262769999949e+00
1.092529296879999993e-02 5.240737846350000062e+00 1.054073414609999926e+00
1.098632812500000000e-02 5.297959106989999611e+00 1.053922842410000005e+00
1.104736328120000007e-02 5.349595661410000424e+00 1.053773528550000060e+00
1.110839843750000000e-02 5.408735101819999613e+00 1.053625455769999997e+00
1.116943359379999993e-02 5.461768637389999625e+00 1.053478607129999967e+00
1.123046875000000000e-02 5.522917725880000184e+00 1.053332966029999929e+00
1.129150390620000007e-02 5.577410801680000141e+00 1.053188516170000089e+00
1.135253906250000000e-02 5.640665820769999783e+00 1.053045241560000012e+00
1.141357421879999993e-02 5.696684434689999854e+00 1.052903126529999955e+00
1.147460937500000000e-02 5.762146730139999562e+00 1.052762155679999978e+00
1.153564453120000007e-02 5.819760478960000150e+00 1.052622313909999940e+00
1.159667968750000000e-02 5.887536718599999830e+00 1.052483586399999949e+00
1.165771484379999993e-02 5.946818959619999845e+00 1.052345958609999910e+00
1.171875000000000000e-02 6.017021401630000099e+00 1.052209416239999973e+00
1.177978515620000007e-02 6.078049414929999728e+00 1.052073945290000090e+00
1.184082031250000000e-02 6.150796184799999899e+00 1.051939531990000010e+00
1.190185546879999993e-02 6.213651334959999772e+00 1.051806162819999946e+00
1.196289062500000000e-02 6.289066710200000188e+00 1.051673824509999911e+00
1.202392578120000007e-02 6.353834606160000398e+00 1.051542504029999936e+00
1.208496093750000000e-02 6.432049307529999815e+00 1.051412188580000073e+00
1.214599609379999993e-02 6.498819958680000397e+00 1.051282865579999948e+00
1.220703125000000000e-02 6.579971446310000083e+00 1.051154522680000092e+00
1.226806640620000007e-02 6.648839413010000143e+00 1.051027147749999946e+00
1.232910156250000000e-02 6.733072185280000177e+00 1.050900728870000078e+00
1.239013671879999993e-02 6.804136721239999908e+00 1.050775254309999962e+00
1.245117187500000000e-02 6.891602613699999935e+00 1.050650712569999978e+00
1.251220703120000007e-02 6.964967797349999934e+00 1.050527092340000079e+00
1.257324218750000000e-02 7.055826278519999661e+00 1.050404382500000011e+00
1.263427734379999993e-02 7.131601129949999951e+00 1.050282572109999979e+00
1.269531250000000000e-02 7.226019589719999914e+00 1.050161650439999983e+00
1.275634765620000007e-02 7.304318169190000098e+00 1.050041606930000038e+00
1.281738281250000000e-02 7.402472194919999637e+00 1.049922431189999950e+00
1.287841796879999993e-02 7.483413677969999789e+00 1.049804113009999984e+00
1.293945312500000000e-02 7.585487312069999710e+00 1.049686642359999977e+00
1.300048828120000007e-02 7.669196035809999756e+00 1.049570009370000001e+00
1.306152343750000000e-02 7.775382007360000181e+00 1.049454204319999917e+00
1.312255859379999993e-02 7.861987481259999910e+00 1.049339217690000048e+00
1.318359375000000000e-02 7.972487402649999666e+00 1.049225040050000057e+00
1.324462890620000007e-02 8.062124276080000485e+00 1.049111662210000073e+00
1.330566406250000000e-02 8.177148793769999813e+00 1.048999075040000006e+00
1.336669921879999993e-02 8.269956771489999525e+00 1.048887269640000008e+00
1.342773437500000000e-02 8.389725657839999684e+00 1.048776237180000015e+00
1.348876953120000007e-02 8.485849352929999867e+00 1.048665969039999979e+00
1.354980468750000000e-02 8.610591523620000132e+00 1.048556456680000082e+00
1.361083984379999993e-02 8.710180235959999351e+00 1.048447691740000076e+00
1.367187500000000000e-02 8.840133674309999634e+00 1.048339665949999944e+00
1.373291015620000007e-02 8.943341080990000691e+00 1.048232371229999904e+00
1.379394531250000000e-02 9.078752647350000871e+00 1.048125799559999960e+00
1.385498046879999993e-02 9.185736389200000573e+00 1.048019943109999907e+00
1.391601562500000000e-02 9.326861489369999703e+00 1.047914794099999991e+00
1.397705078120000007e-02 9.437782635919999663e+00 1.047810344960000029e+00
1.403808593750000000e-02 9.584884718099999645e+00 1.047706588150000062e+00
1.409912109379999993e-02 9.699907090849999136e+00 1.047603516309999927e+00
1.416015625000000000e-02 9.853256935559999263e+00 1.047501122159999909e+00
1.422119140620000007e-02 9.972546267029999356e+00 1.047399398550000083e+00
1.428222656250000000e-02 1.013242102849999959e+01 1.047298338410000085e+00
1.434326171879999993e-02 1.025614393210000053e+01 1.047197934820000009e+00
1.440429687500000000e-02 1.042282588319999981e+01 1.047098180929999955e+00
1.446533203120000007e-02 1.055114860680000000e+01 1.046999070030000034e+00
1.452636718750000000e-02 1.072492353330000014e+01 1.046900595449999916e+00
1.458740234379999993e-02 1.085801046549999960e+01 1.046802750699999951e+00
1.464843750000000000e-02 1.103916564630000074e+01 1.046705529300000048e+00
1.470947265620000007e-02 1.117717754499999927e+01 1.046608924959999909e+00
1.477050781250000000e-02 1.136599924969999975e+01 1.046512931389999901e+00
1.483154296879999993e-02 1.150909115720000031e+01 1.046417542479999963e+00
1.489257812500000000e-02 1.170586158350000083e+01 1.046322752130000033e+00
1.495361328120000007e-02 1.185418039450000016e+01 1.046228554410000067e+00
1.501464843750000000e-02 1.205917396000000075e+01 1.046134943390000016e+00
1.507568359379999993e-02 1.221285560609999976e+01 1.046041913320000072e+00
1.513671875000000000e-02 1.242633450709999998e+01 1.045949458439999979e+00
1.519775390620000007e-02 1.258550072409999920e+01 1.045857573169999943e+00
1.525878906250000000e-02 1.280770966739999928e+01 1.045766251909999944e+00
1.531982421879999993e-02 1.297246431239999964e+01 1.045675489239999978e+00
1.538085937500000000e-02 1.320362432910000017e+01 1.045585279710000037e+00
1.544189453120000007e-02 1.337404922190000001e+01 1.045495618079999911e+00
1.550292968750000000e-02 1.361435047820000044e+01 1.045406499050000049e+00
1.556396484379999993e-02 1.379050074459999919e+01 1.045317917510000028e+00
1.562500000000000000e-02 1.404009427799999976e+01 1.045229868320000088e+00
1.568603515619999833e-02 1.422199318710000071e+01 1.045142346530000044e+00
1.574707031250000000e-02 1.448098152370000058e+01 1.045055347119999922e+00
1.580810546880000167e-02 1.466861482340000045e+01 1.044968865279999992e+00
1.586914062500000000e-02 1.493704146910000041e+01 1.044882896160000074e+00
1.593017578119999833e-02 1.513035124179999968e+01 1.044797435060000002e+00
1.599115265269999975e-02 1.540818909529999914e+01 1.044712557950000065e+00
1.605089656539999965e-02 1.560691662310000005e+01 1.044629875919999895e+00
1.610929751670000035e-02 1.589027813100000053e+01 1.044549510289999983e+00
1.616658874219999847e-02 1.608571416190000036e+01 1.044471114380000065e+00
1.622264510529999870e-02 1.636734921389999897e+01 1.044394826780000063e+00
1.627770790210000124e-02 1.655820542280000041e+01 1.044320291730000072e+00
1.633162955409999881e-02 1.683778619219999939e+01 1.044247682219999973e+00
1.638463909659999829e-02 1.702447534359999892e+01 1.044176665379999980e+00
1.643660420879999862e-02 1.730113423770000125e+01 1.044107395589999987e+00
1.648771010480000118e-02 1.748386576129999881e+01 1.044039604309999980e+00
1.653784928660000098e-02 1.775694162239999940e+01 1.043973413990000099e+00
1.658720394760000022e-02 1.793572716199999917e+01 1.043908565289999979e+00
1.663566363600000111e-02 1.820472865179999999e+01 1.043845185579999946e+00
1.668340407479999843e-02 1.837965255450000157e+01 1.043783028500000043e+00
1.673031560839999959e-02 1.864421786069999953e+01 1.043722221229999914e+00
1.677656548630000050e-02 1.881532237709999933e+01 1.043662532399999954e+00
1.682204729450000047e-02 1.907516189300000065e+01 1.043604085579999952e+00
1.686691865150000136e-02 1.924246727170000071e+01 1.043546665320000066e+00
1.691107796380000167e-02 1.949734355180000023e+01 1.043490389420000053e+00
1.695467263879999950e-02 1.966085636180000051e+01 1.043435058550000072e+00
1.699760687889999983e-02 1.991057247790000062e+01 1.043380783469999962e+00
1.704001769759999965e-02 2.007029062659999852e+01 1.043327380740000088e+00
1.708181564510000139e-02 2.031468247769999991e+01 1.043274953310000086e+00
1.712312743080000171e-02 2.047059826770000157e+01 1.043223333110000040e+00
1.716387020440000161e-02 2.070952942190000101e+01 1.043172614990000024e+00
1.720416064810000034e-02 2.086163147990000155e+01 1.043122645510000002e+00
1.724392254790000148e-02 2.109498960230000009e+01 1.043073511410000043e+00
1.728326296200000112e-02 2.124326416510000115e+01 1.043025073019999915e+00
1.732211219670000066e-02 2.147095844189999880e+01 1.042977409149999923e+00
1.736056817250000023e-02 2.161539027250000089e+01 1.042930393000000011e+00
1.739856749170000036e-02 2.183734946650000097e+01 1.042884095780000075e+00
1.743619947510000046e-02 2.197792255719999943e+01 1.042838402629999939e+00
1.747340672230000141e-02 2.219409346859999843e+01 1.042793377550000011e+00
1.751027052049999866e-02 2.233079162079999946e+01 1.042748916709999918e+00
1.754673911840000031e-02 2.254113781250000059e+01 1.042705077339999953e+00
1.758288634710000048e-02 2.267394514100000080e+01 1.042661765749999914e+00
1.761866572529999925e-02 2.287844580430000008e+01 1.042619032930000023e+00
1.765414420450000035e-02 2.300734719149999918e+01 1.042576794389999950e+00
1.768928017830000143e-02 2.320599617159999895e+01 1.042535095399999889e+00
1.772413428389999976e-02 2.333097774330000007e+01 1.042493859889999985e+00
1.775866938939999959e-02 2.352378259360000001e+01 1.042453127859999995e+00
1.779294036660000050e-02 2.364483209340000158e+01 1.042412830870000029e+00
1.782691415989999875e-02 2.383181316359999968e+01 1.042373004199999897e+00
1.786064040229999941e-02 2.394892034229999922e+01 1.042333586230000053e+00
1.789408972519999919e-02 2.413010991239999825e+01 1.042294608039999959e+00
1.792730702479999882e-02 2.424326690110000015e+01 1.042256014149999910e+00
1.796026624290000123e-02 2.441870833500000160e+01 1.042217831849999943e+00
1.799300801400000038e-02 2.452790998549999912e+01 1.042180011179999921e+00
1.802550922940000105e-02 2.469765690310000039e+01 1.042142576080000049e+00
1.805780670969999932e-02 2.480290109899999962e+01 1.042105481499999931e+00
1.808987995259999856e-02 2.496701656770000000e+01 1.042068748449999971e+00
1.812176238379999832e-02 2.506830450349999850e+01 1.042032336219999911e+00
1.815343578379999961e-02 2.522686024929999959e+01 1.041996263289999947e+00
1.818493057480000119e-02 2.532419667459999957e+01 1.041960492769999913e+00
1.821623051569999999e-02 2.547727231709999884e+01 1.041925040970000049e+00
1.824736338960000065e-02 2.557066574359999933e+01 1.041889874340000022e+00
1.827831464870000033e-02 2.571834805599999996e+01 1.041855007349999918e+00
1.830910977580000112e-02 2.580781092579999836e+01 1.041820409370000089e+00
1.833973564990000124e-02 2.595019312350000007e+01 1.041786093340000052e+00
1.837021576749999982e-02 2.603574193829999928e+01 1.041752031169999926e+00
1.840053818699999982e-02 2.617292299840000069e+01 1.041718234500000007e+00
1.843072470860000062e-02 2.625457840900000051e+01 1.041684677429999928e+00
1.846076434010000128e-02 2.638666242209999879e+01 1.041651370609999905e+00
1.849067745440000077e-02 2.646444928000000019e+01 1.041618289949999943e+00
1.852045379459999960e-02 2.659154483560000060e+01 1.041585445359999973e+00
1.855011255480000162e-02 2.666549220799999986e+01 1.041552814259999904e+00
1.857964401530000018e-02 2.678771181449999972e+01 1.041520406040000069e+00
1.860906642089999938e-02 2.685785296450000104e+01 1.041488199370000034e+00
1.863837040500000014e-02 2.697531250329999963e+01 1.041456203280000103e+00
1.866757347589999977e-02 2.704168483839999837e+01 1.041424397459999929e+00
1.869666644930000066e-02 2.715450305239999906e+01 1.041392790770000021e+00
1.872566629360000040e-02 2.721714804289999989e+01 1.041361363680000096e+00
1.875456384799999848e-02 2.732544605660000059e+01 1.041330125060000000e+00
1.878337572289999827e-02 2.738440912689999962e+01 1.041299055919999939e+00
1.881209263420000055e-02 2.748830999859999835e+01 1.041268165319999994e+00
1.884073100309999887e-02 2.754364039749999904e+01 1.041237434629999958e+00
1.886928128470000132e-02 2.764326870369999867e+01 1.041206873189999937e+00
1.889775986779999861e-02 2.769501935950000160e+01 1.041176462599999963e+00
1.892615681899999930e-02 2.779050081129999938e+01 1.041146212599999954e+00
1.895448864019999916e-02 2.783872816970000130e+01 1.041116104829999944e+00
1.898274489079999905e-02 2.793018925260000174e+01 1.041086149599999899e+00
1.901094232060000083e-02 2.797495309760000026e+01 1.041056328400000064e+00
1.903906987149999938e-02 2.806252073239999945e+01 1.041026652210000014e+00
1.906714466619999909e-02 2.810388399940000070e+01 1.040997102279999975e+00
1.909515492620000171e-02 2.818768522679999933e+01 1.040967690330000028e+00
1.912311826380000065e-02 2.822571380819999831e+01 1.040938397249999925e+00
1.915102208430000119e-02 2.830587549479999865e+01 1.040909235600000038e+00
1.917888459700000173e-02 2.834063804310000023e+01 1.040880185770000077e+00
1.920669230290000112e-02 2.841728660540000106e+01 1.040851261280000051e+00
1.923446410780000129e-02 2.844885433440000000e+01 1.040822441900000062e+00
1.926218552620000135e-02 2.852211548029999832e+01 1.040793742159999979e+00
1.928987625240000114e-02 2.855056196649999833e+01 1.040765141160000073e+00
1.931752073920000104e-02 2.862056045179999941e+01 1.040736654480000078e+00
1.934513955350000008e-02 2.864596143920000060e+01 1.040708260469999979e+00
1.937271601789999909e-02 2.871282083850000078e+01 1.040679975840000049e+00
1.940027164790000119e-02 2.873525404589999965e+01 1.040651778089999979e+00
1.942778857420000144e-02 2.879909653669999869e+01 1.040623685099999918e+00
1.945528933010000003e-02 2.881864147099999940e+01 1.040595673489999928e+00
1.948275479889999967e-02 2.887958763030000142e+01 1.040567762360000037e+00
1.951020859320000064e-02 2.889632540510000069e+01 1.040539927350000005e+00
1.953763030000000081e-02 2.895449401859999838e+01 1.040512188819999961e+00
1.956504466569999878e-02 2.896850717939999953e+01 1.040484521430000031e+00
1.959242993900000077e-02 2.902401506180000013e+01 1.040456946810000005e+00
1.961981204639999879e-02 2.903538741730000083e+01 1.040429438569999920e+00
1.964716786360000064e-02 2.908834924570000169e+01 1.040402019659999899e+00
1.967452453649999947e-02 2.909716570590000018e+01 1.040374662600000111e+00
1.970185753910000045e-02 2.914769386420000075e+01 1.040347391659999898e+00
1.972919526840000159e-02 2.915404028460000063e+01 1.040320178280000007e+00
1.975651177620000101e-02 2.920224472079999956e+01 1.040293048059999892e+00
1.978383673419999850e-02 2.920620775229999921e+01 1.040265971309999982e+00
1.981114275799999991e-02 2.925219584779999948e+01 1.040238974960000062e+00
1.983846081059999905e-02 2.925386279199999962e+01 1.040212028220000029e+00
1.986576206440000131e-02 2.929773924439999888e+01 1.040185159319999997e+00
1.989307878260000023e-02 2.929719791349999980e+01 1.040158336359999991e+00
1.992038069509999981e-02 2.933906463259999953e+01 1.040131588890000014e+00
1.994770136619999912e-02 2.933640321429999887e+01 1.040104883879999997e+00
1.997500909110000097e-02 2.937635923170000041e+01 1.040078252170000050e+00
2.000233872860000123e-02 2.937166615770000178e+01 1.040051659650000015e+00
2.002965715469999866e-02 2.940980755169999838e+01 1.040025138410000105e+00
2.005700050810000148e-02 2.940317137039999906e+01 1.039998653270000073e+00
2.008433426819999923e-02 2.943959120430000098e+01 1.039972237540000011e+00
2.011169583209999889e-02 2.943110046279999992e+01 1.039945855000000030e+00
2.013904931190000150e-02 2.946588874820000115e+01 1.039919540160000100e+00
2.016643333409999864e-02 2.945563189319999964e+01 1.039893255770000025e+00
2.019381068029999990e-02 2.948887557480000154e+01 1.039867037500000091e+00
2.022122117020000095e-02 2.947694069699999986e+01 1.039840847130000023e+00
2.024862629830000149e-02 2.950872347680000018e+01 1.039814721399999975e+00
2.027606703439999852e-02 2.949519833500000132e+01 1.039788621210000041e+00
2.030350363599999972e-02 2.952560089259999998e+01 1.039762584300000015e+00
2.033097679190000104e-02 2.951057277980000038e+01 1.039736572020000027e+00
2.035844830300000130e-02 2.953967384579999944e+01 1.039710620509999961e+00
2.038595528809999946e-02 2.952322815129999967e+01 1.039684694660000019e+00
2.041346168060000077e-02 2.955110440010000161e+01 1.039658828439999905e+00
2.044100571959999932e-02 2.953332892270000087e+01 1.039632985859999970e+00
2.046855014599999883e-02 2.956004852770000113e+01 1.039607201859999996e+00
2.049613425660000085e-02 2.954102998180000128e+01 1.039581439650000050e+00
2.052371967110000126e-02 2.956665991299999874e+01 1.039555735059999986e+00
2.055134667110000007e-02 2.954648298209999879e+01 1.039530050550000029e+00
2.057897583229999910e-02 2.957108835920000089e+01 1.039504422770000103e+00
2.060664834449999969e-02 2.954983638399999890e+01 1.039478813529999934e+00
2.063432382070000057e-02 2.957347971320000113e+01 1.039453260209999952e+00
2.066204427839999844e-02 2.955123473160000103e+01 1.039427724040000056e+00
2.068976845349999871e-02 2.957397577340000083e+01 1.039402243040000062e+00
2.071753910610000041e-02 2.955081844809999936e+01 1.039376777940000052e+00
2.074531418469999916e-02 2.957271423670000132e+01 1.039351367330000109e+00
2.077313710340000091e-02 2.954872376579999838e+01 1.039325971520000058e+00
2.080096511649999827e-02 2.956982867360000000e+01 1.039300629570000023e+00
2.082884219989999952e-02 2.954508269789999986e+01 1.039275301470000024e+00
2.085672500970000079e-02 2.956544851969999854e+01 1.039250026639999991e+00
2.088465798910000074e-02 2.954002303000000040e+01 1.039224764849999927e+00
2.091259729449999882e-02 2.955969907829999954e+01 1.039199555790000007e+00
2.094058773919999991e-02 2.953366832669999908e+01 1.039174359079999999e+00
2.096858508030000068e-02 2.955270153449999881e+01 1.039149214620000095e+00
2.099663440290000169e-02 2.952613794810000059e+01 1.039124081960000057e+00
2.102469116649999942e-02 2.954457297569999952e+01 1.039099001080000084e+00
2.105280062779999947e-02 2.951754707570000136e+01 1.039073931589999944e+00
2.108091805179999889e-02 2.953542642080000036e+01 1.039048913450000056e+00
2.110908876610000096e-02 2.950800674619999953e+01 1.039023906399999975e+00
2.113726794420000069e-02 2.952537085539999850e+01 1.038998950309999891e+00
2.116550088440000144e-02 2.949762389260000006e+01 1.038974005130000045e+00
2.119374277110000135e-02 2.951451127329999835e+01 1.038949110549999943e+00
2.122203877319999918e-02 2.948650139149999916e+01 1.038924226810000073e+00
2.125034418840000133e-02 2.950294872370000121e+01 1.038899393319999920e+00
2.127870395679999985e-02 2.947473811729999937e+01 1.038874570730000002e+00
2.130707359029999914e-02 2.949078036359999899e+01 1.038849798069999997e+00
2.133549770250000102e-02 2.946242900069999848e+01 1.038825036470000018e+00
2.136393211879999976e-02 2.947809951220000002e+01 1.038800324489999927e+00
2.139242103040000023e-02 2.944966509090000173e+01 1.038775623830000105e+00
2.142092067309999889e-02 2.946499571669999895e+01 1.038750972509999926e+00
2.144947472230000068e-02 2.943653362759999936e+01 1.038726332860000046e+00
2.147803991879999874e-02 2.945155481369999961e+01 1.038701742300000008e+00
2.150665933159999835e-02 2.942311811149999912e+01 1.038677163850000085e+00
2.153529029759999880e-02 2.943785899939999950e+01 1.038652634239999983e+00
2.156397519220000156e-02 2.940949838090000057e+01 1.038628117280000041e+00
2.159267203630000145e-02 2.942398690139999928e+01 1.038603648929999901e+00
2.162142242780000154e-02 2.939575069119999995e+01 1.038579193839999970e+00
2.165018515609999986e-02 2.941001365380000010e+01 1.038554787150000047e+00
2.167900096150000150e-02 2.938194779850000060e+01 1.038530394409999946e+00
2.170782948200000034e-02 2.939601097570000121e+01 1.038506049880000059e+00
2.173671052439999848e-02 2.936815904490000051e+01 1.038481720050000057e+00
2.176560465160000055e-02 2.938204725159999953e+01 1.038457438250000031e+00
2.179455066529999846e-02 2.935445044689999960e+01 1.038433171979999958e+00
2.182351012460000128e-02 2.936818761429999824e+01 1.038408953580000071e+00
2.185252075940000149e-02 2.934088478549999834e+01 1.038384751589999988e+00
2.188154519149999866e-02 2.935449403020000148e+01 1.038360597320000078e+00
2.191062001720000055e-02 2.932752169890000005e+01 1.038336460410000051e+00
2.193970898289999971e-02 2.934102538650000014e+01 1.038312371079999963e+00
2.196884749390000044e-02 2.931441777579999908e+01 1.038288300100000061e+00
2.199800047800000088e-02 2.932783757929999879e+01 1.038264276580000089e+00
2.202720209779999994e-02 2.930162665090000118e+01 1.038240272459999947e+00
2.205641851400000006e-02 2.931498360450000007e+01 1.038216315679999946e+00
2.208568259940000070e-02 2.928919910149999950e+01 1.038192379390000086e+00
2.211496179419999986e-02 2.930251364869999975e+01 1.038168490349999917e+00
2.214428763979999978e-02 2.927718314450000037e+01 1.038144622929999983e+00
2.217362889709999924e-02 2.929047518229999980e+01 1.038120802669999954e+00
2.220301573939999912e-02 2.926562413410000119e+01 1.038097005190000033e+00
2.223241828440000040e-02 2.927891305209999828e+01 1.038073254800000011e+00
2.226186530620000159e-02 2.925456486050000038e+01 1.038049528379999975e+00
2.229132831000000051e-02 2.926786957619999896e+01 1.038025849010000057e+00
2.232083464420000010e-02 2.924404564809999840e+01 1.038002194810000001e+00
2.235035722779999887e-02 2.925738463769999953e+01 1.037978587620000059e+00
2.237992196170000142e-02 2.923410445400000057e+01 1.037955006840000083e+00
2.240950319960000048e-02 2.924749578020000129e+01 1.037931473059999998e+00
2.243912537879999905e-02 2.922477696620000032e+01 1.037907966939999982e+00
2.246876430360000149e-02 2.923823830199999918e+01 1.037884507800000078e+00
2.249844293570000056e-02 2.921609670149999971e+01 1.037861077589999903e+00
2.252813854160000059e-02 2.922964535099999850e+01 1.037837694380000064e+00
2.255787260000000072e-02 2.920809510249999974e+01 1.037814341370000060e+00
2.258762384669999942e-02 2.922174801939999966e+01 1.037791035389999950e+00
2.261741227439999918e-02 2.920080163420000119e+01 1.037767760900000003e+00
2.264721809069999980e-02 2.921457543669999879e+01 1.037744533469999952e+00
2.267705980380000166e-02 2.919424387930000009e+01 1.037721338819999950e+00
2.270691909120000143e-02 2.920815486389999904e+01 1.037698191300000072e+00
2.273681298210000062e-02 2.918844763250000085e+01 1.037675077839999904e+00
2.276672461859999969e-02 2.920251178470000042e+01 1.037652011600000090e+00
2.279666955960000033e-02 2.918343699320000084e+01 1.037628980690000091e+00
2.282663240250000156e-02 2.919766999770000027e+01 1.037605997110000011e+00
2.285662724879999885e-02 2.917923445750000155e+01 1.037583050140000074e+00
2.288664013839999956e-02 2.919365170529999887e+01 1.037560150600000064e+00
2.291668373139999978e-02 2.917586100750000000e+01 1.037537288960000081e+00
2.294674549389999832e-02 2.919047760329999974e+01 1.037514474880000037e+00
2.297683666400000130e-02 2.917333619980000137e+01 1.037491699959999902e+00
2.300694611479999971e-02 2.918816696669999899e+01 1.037468972759999941e+00
2.303708368409999874e-02 2.917167825170000128e+01 1.037446285979999994e+00
2.306723963039999936e-02 2.918673773609999955e+01 1.037423647080000011e+00
2.309742241580000147e-02 2.917090412510000164e+01 1.037401049839999922e+00
2.312762365929999994e-02 2.918620659999999845e+01 1.037378500680000037e+00
2.315785047469999872e-02 2.917102960849999960e+01 1.037355994399999926e+00
2.318809581460000088e-02 2.918658907649999890e+01 1.037333536400000034e+00
2.321836547350000085e-02 2.917206939700000135e+01 1.037311122520000017e+00
2.324865370859999919e-02 2.918789959249999910e+01 1.037288757130000016e+00
2.327896502659999867e-02 2.917403716939999825e+01 1.037266437059999991e+00
2.330929495790000014e-02 2.919015156000000033e+01 1.037244165720000000e+00
2.333964675449999929e-02 2.917694566309999971e+01 1.037221940890000083e+00
2.337001718750000151e-02 2.919335745069999888e+01 1.037199765050000000e+00
2.340040828849999921e-02 2.918080674579999823e+01 1.037177636880000087e+00
2.343081803499999852e-02 2.919752886730000085e+01 1.037155558000000033e+00
2.346124727440000030e-02 2.918563148539999830e+01 1.037133527920000020e+00
2.349169515459999941e-02 2.920267661280000127e+01 1.037111547429999892e+00
2.352216137610000160e-02 2.919143021629999879e+01 1.037089616879999898e+00
2.355264622069999994e-02 2.920881075610000011e+01 1.037067736230000037e+00
2.358314827990000070e-02 2.919821260280000175e+01 1.037045906629999958e+00
2.361366893139999965e-02 2.921594069509999869e+01 1.037024127270000040e+00
2.364420569700000085e-02 2.920598769960000141e+01 1.037002400059999996e+00
2.367476101140000150e-02 2.922407521659999929e+01 1.036980723429999918e+00
2.370533136659999998e-02 2.921476400910000137e+01 1.036959100030000025e+00
2.373592021530000068e-02 2.923322255329999919e+01 1.036937527589999908e+00
2.376652305940000001e-02 2.922454953540000133e+01 1.036916009440000064e+00
2.379714432969999918e-02 2.924339043639999858e+01 1.036894542630000027e+00
2.382777857920000131e-02 2.923535183479999944e+01 1.036873131149999905e+00
2.385843117619999842e-02 2.925458614589999939e+01 1.036851771420000068e+00
2.388909576579999888e-02 2.924717806250000152e+01 1.036830468050000009e+00
2.391977861330000024e-02 2.926681655670000026e+01 1.036809216860000049e+00
2.395047249690000074e-02 2.926003501639999982e+01 1.036788023029999950e+00
2.398118453830000094e-02 2.928008818070000174e+01 1.036766881819999986e+00
2.401190669000000111e-02 2.927392917630000113e+01 1.036745798969999965e+00
2.404264688919999921e-02 2.929440720579999891e+01 1.036724769209999897e+00
2.407339630409999903e-02 2.928886673979999955e+01 1.036703798770000073e+00
2.410416364630000099e-02 2.930977953020000015e+01 1.036682881900000019e+00
2.413493934100000016e-02 2.930485365390000041e+01 1.036662025320000069e+00
2.416573283350000045e-02 2.932621079300000133e+01 1.036641222809999929e+00
2.419653384670000101e-02 2.932189564240000124e+01 1.036620481539999972e+00
2.422735251909999971e-02 2.934370640039999856e+01 1.036599794860000090e+00
2.425817791219999839e-02 2.933999822899999899e+01 1.036579170350000023e+00
2.428902081739999982e-02 2.936227154690000063e+01 1.036558600980000078e+00
2.431986967490000137e-02 2.935916675640000051e+01 1.036538094680000022e+00
2.435073588890000057e-02 2.938191123340000033e+01 1.036517644099999913e+00
2.438160731879999987e-02 2.937940639960000055e+01 1.036497257489999990e+00
2.441249594149999882e-02 2.940263027909999849e+01 1.036476927180000063e+00
2.444338907509999853e-02 2.940072217610000038e+01 1.036456661749999952e+00
2.447429923019999939e-02 2.942443332899999930e+01 1.036436453210000108e+00
2.450521322299999832e-02 2.942311894979999920e+01 1.036416310439999933e+00
2.453614405829999956e-02 2.944732485689999990e+01 1.036396225190000076e+00
2.456707808920000069e-02 2.944660143009999942e+01 1.036376206579999959e+00
2.459802877680000027e-02 2.947130916269999901e+01 1.036356246149999993e+00
2.462898204889999929e-02 2.947117416640000087e+01 1.036336353220000062e+00
2.465995178469999882e-02 2.949639036430000161e+01 1.036316519129999891e+00
2.469092352489999850e-02 2.949684153629999983e+01 1.036296753420000050e+00
2.472191152909999912e-02 2.952257238440000009e+01 1.036277047240000027e+00
2.475290098799999908e-02 2.952360772870000005e+01 1.036257410289999958e+00
2.478390650469999845e-02 2.954985893130000107e+01 1.036237833589999990e+00
2.481491295649999873e-02 2.955147672080000021e+01 1.036218326980000048e+00
2.484593525360000166e-02 2.957825347409999850e+01 1.036198881350000045e+00
2.487695799599999938e-02 2.958045224949999863e+01 1.036179506659999916e+00
2.490799636490000080e-02 2.960775921189999949e+01 1.036160193710000010e+00
2.493903471850000136e-02 2.961053777649999930e+01 1.036140952550000049e+00
2.497008847400000037e-02 2.963837903679999997e+01 1.036121773929999934e+00
2.500114178239999999e-02 2.964173644679999953e+01 1.036102667940000055e+00
2.503221026220000048e-02 2.967011549069999887e+01 1.036083625300000088e+00
2.506327789130000094e-02 2.967405104139999850e+01 1.036064656139999984e+00
2.509436045570000162e-02 2.970297071579999937e+01 1.036045751160000084e+00
2.512544179369999992e-02 2.970748392340000166e+01 1.036026920529999895e+00
2.515653782530000160e-02 2.973694639909999893e+01 1.036008154929999980e+00
2.518763228200000120e-02 2.974203697689999970e+01 1.035989464530000070e+00
2.521874118510000068e-02 2.977204370939999833e+01 1.035970840060000064e+00
2.524984819160000157e-02 2.977771153999999854e+01 1.035952291649999912e+00
2.528096939209999866e-02 2.980826322880000134e+01 1.035933810079999962e+00
2.531208840010000169e-02 2.981450833070000073e+01 1.035915405439999937e+00
2.534322134460000042e-02 2.984560487719999955e+01 1.035897068569999968e+00
2.537435182620000063e-02 2.985242736589999879e+01 1.035878809519999999e+00
2.540549598169999923e-02 2.988406783050000115e+01 1.035860619209999944e+00
2.543663742880000050e-02 2.989146787459999999e+01 1.035842507599999962e+00
2.546779228249999860e-02 2.992365043230000055e+01 1.035824465709999975e+00
2.549894420610000073e-02 2.993162820370000077e+01 1.035806503429999914e+00
2.553010926420000090e-02 2.996435009960000073e+01 1.035788611899999934e+00
2.556127119409999995e-02 2.997290571799999981e+01 1.035770800879999953e+00
2.559244598190000067e-02 3.000616322220000143e+01 1.035753061649999918e+00
2.562361746580000058e-02 3.001529669410000167e+01 1.035735403869999960e+00
2.565480152690000071e-02 3.004908505670000096e+01 1.035717818950000035e+00
2.568598213029999952e-02 3.005879620789999862e+01 1.035700316420000044e+00
2.571717502589999926e-02 3.009310961499999948e+01 1.035682887859999957e+00
2.574836433100000099e-02 3.010339801809999827e+01 1.035665542630000102e+00
2.577956563959999878e-02 3.013822954780000174e+01 1.035648272510000023e+00
2.581076324509999978e-02 3.014909444379999925e+01 1.035631086700000036e+00
2.584197256190000000e-02 3.018443602429999828e+01 1.035613977169999922e+00
2.587317808230000030e-02 3.019587623840000035e+01 1.035596952919999980e+00
2.590439501840000047e-02 3.023171860800000132e+01 1.035580006150000010e+00
2.593560808330000120e-02 3.024373246029999862e+01 1.035563145680000074e+00
2.596683226549999918e-02 3.028006512920000048e+01 1.035546363919999990e+00
2.599805251899999989e-02 3.029265034089999986e+01 1.035529669480000026e+00
2.602928358889999849e-02 3.032946155630000007e+01 1.035513055000000016e+00
2.606051068930000103e-02 3.034261515089999861e+01 1.035496528899999991e+00
2.609174830310000137e-02 3.037989186540000119e+01 1.035480084040000026e+00
2.612298192200000063e-02 3.039361006649999908e+01 1.035463728639999914e+00
2.615422574949999995e-02 3.043133790970000163e+01 1.035447455799999972e+00
2.618546557139999828e-02 3.044561603709999886e+01 1.035431273519999973e+00
2.621671529580000062e-02 3.048377929489999971e+01 1.035415175150000033e+00
2.624796101739999832e-02 3.049861166139999824e+01 1.035399168449999907e+00
2.627921633480000130e-02 3.053719326399999900e+01 1.035383247049999955e+00
2.631046766440000087e-02 3.055257305419999980e+01 1.035367418479999913e+00
2.634172828310000006e-02 3.059155454209999903e+01 1.035351676619999939e+00
2.637298494039999955e-02 3.060747371620000123e+01 1.035336028759999971e+00
2.640425058029999966e-02 3.064683525179999890e+01 1.035320469049999970e+00
2.643551229550000076e-02 3.066328443569999962e+01 1.035305004560000075e+00
2.646678268769999884e-02 3.070300479750000022e+01 1.035289629690000046e+00
2.649804920110000045e-02 3.071997317969999841e+01 1.035274351270000004e+00
2.652932408760000013e-02 3.076002976759999896e+01 1.035259163979999952e+00
2.656059514889999931e-02 3.077750500049999971e+01 1.035244074419999993e+00
2.659187428180000146e-02 3.081787384840000144e+01 1.035229077509999929e+00
2.662314965010000034e-02 3.083584195659999949e+01 1.035214179640000065e+00
2.665443279120000009e-02 3.087649775310000066e+01 1.035199375990000004e+00
2.668571223390000038e-02 3.089494305030000021e+01 1.035184672700000030e+00
2.671699915440000142e-02 3.093585916740000030e+01 1.035170065229999992e+00
2.674828244720000095e-02 3.095476418430000010e+01 1.035155559499999933e+00
2.677957292679999934e-02 3.099591271190000086e+01 1.035141151209999943e+00
2.681085985299999988e-02 3.101525813370000151e+01 1.035126846070000051e+00
2.684215368000000129e-02 3.105660992039999968e+01 1.035112640019999919e+00
2.687344403019999856e-02 3.107637453870000144e+01 1.035098538550000002e+00
2.690474100069999847e-02 3.111789924130000173e+01 1.035084537879999989e+00
2.693603457220000025e-02 3.113805992209999829e+01 1.035070643250000089e+00
2.696733448959999849e-02 3.117972606389999868e+01 1.035056851140000012e+00
2.699863108630000050e-02 3.120025773389999912e+01 1.035043166579999951e+00
2.702993376120000138e-02 3.124203277069999984e+01 1.035029586290000081e+00
2.706123319299999844e-02 3.126290842219999888e+01 1.035016115099999912e+00
2.709253844230000152e-02 3.130475881639999969e+01 1.035002749950000078e+00
2.712384052479999835e-02 3.132594953199999921e+01 1.034989495500000078e+00
2.715514817179999832e-02 3.136784083459999906e+01 1.034976348879999897e+00
2.718645272579999980e-02 3.138931583300000128e+01 1.034963314589999905e+00
2.721776259950000124e-02 3.143121277359999866e+01 1.034950389970000106e+00
2.724906945089999866e-02 3.145293947729999928e+01 1.034937579329999968e+00
2.728038138559999923e-02 3.149480606210000033e+01 1.034924880239999956e+00
2.731169036489999868e-02 3.151675018610000123e+01 1.034912296829999967e+00
2.734300419999999981e-02 3.155854980459999837e+01 1.034899826850000037e+00
2.737431514199999832e-02 3.158067546759999900e+01 1.034887474300000054e+00
2.740563072139999903e-02 3.162237100640000165e+01 1.034875237100000067e+00
2.743694346509999854e-02 3.164464086290000111e+01 1.034863119099999951e+00
2.746826063679999944e-02 3.168619482809999965e+01 1.034851118409999993e+00
2.749957502500000039e-02 3.170857022110000045e+01 1.034839238740000056e+00
2.753089364110000020e-02 3.174994486849999831e+01 1.034827478349999996e+00
2.756220951989999876e-02 3.177238600029999915e+01 1.034815840820000110e+00
2.759352943589999871e-02 3.181354347290000106e+01 1.034804324600000047e+00
2.762484665490000033e-02 3.183600959460000013e+01 1.034792933130000092e+00
2.765616772960000080e-02 3.187691206730000104e+01 1.034781664999999906e+00
2.768748614110000048e-02 3.189936168250000037e+01 1.034770523539999987e+00
2.771880823620000156e-02 3.193997151299999970e+01 1.034759507490000008e+00
2.775012769550000077e-02 3.196236259579999839e+01 1.034748620080000014e+00
2.778145067519999928e-02 3.200264248119999877e+01 1.034737860169999912e+00
2.781277103989999999e-02 3.202493270370000289e+01 1.034727230899999961e+00
2.784409477089999987e-02 3.206484584230000223e+01 1.034716731250000077e+00
2.787541590100000091e-02 3.208699281079999821e+01 1.034706364270000067e+00
2.790674025190000018e-02 3.212650306630000330e+01 1.034696129070000081e+00
2.793806200950000110e-02 3.214846456200000091e+01 1.034686028609999919e+00
2.796938685069999889e-02 3.218753663039999680e+01 1.034676062099999960e+00
2.800070909980000022e-02 3.220927085320000316e+01 1.034666232419999998e+00
2.803203430320000064e-02 3.224787042959999894e+01 1.034656538919999980e+00
2.806335690940000085e-02 3.226933624029999947e+01 1.034646984379999912e+00
2.809468234839999912e-02 3.230743018460000116e+01 1.034637568239999972e+00
2.812600517869999830e-02 3.232858734399999889e+01 1.034628293229999940e+00
2.815733072789999847e-02 3.236614384359999974e+01 1.034619158890000001e+00
2.818865365069999837e-02 3.238695324559999733e+01 1.034610167879999931e+00
2.821997918530000024e-02 3.242394197210000328e+01 1.034601319819999921e+00
2.825130207030000090e-02 3.244436586709999659e+01 1.034592617319999963e+00
2.828262746639999964e-02 3.248075812700000142e+01 1.034584060080000034e+00
2.831395018390000032e-02 3.250076033439999890e+01 1.034575650659999901e+00
2.834527531830000058e-02 3.253652920940000115e+01 1.034567388839999991e+00
2.837659773979999897e-02 3.255607531649999942e+01 1.034559277130000066e+00
2.840792248950000168e-02 3.259119579330000249e+01 1.034551315389999893e+00
2.843924448679999856e-02 3.261025333839999973e+01 1.034543506059999896e+00
2.847056872930000052e-02 3.264470242560000202e+01 1.034535849090000070e+00
2.850189017509999895e-02 3.266324106369999924e+01 1.034528346889999950e+00
2.853321378790000043e-02 3.269699789420000258e+01 1.034520999449999978e+00
2.856453455490000001e-02 3.271498954380000157e+01 1.034513809139999907e+00
2.859585741570000103e-02 3.274803546159999712e+01 1.034506776039999965e+00
2.862717737720000058e-02 3.276545443170000027e+01 1.034499902459999898e+00
2.865849936340000154e-02 3.279777306140000093e+01 1.034493188539999942e+00
2.868981839279999974e-02 3.281459615789999873e+01 1.034486636570000062e+00
2.872113938180000103e-02 3.284617345630000074e+01 1.034480246730000053e+00
2.875245735240000017e-02 3.286238006680000012e+01 1.034474021280000100e+00
2.878377722129999913e-02 3.289320435700000189e+01 1.034467960470000003e+00
2.881509400660000123e-02 3.290877651430000128e+01 1.034462066509999945e+00
2.884641263209999917e-02 3.293883850040000283e+01 1.034456339709999950e+00
2.887772810539999957e-02 3.295376092419999736e+01 1.034450782229999977e+00
2.890904536390000168e-02 3.298305368799999826e+01 1.034445394470000057e+00
2.894035939809999972e-02 3.299731380600000108e+01 1.034440178519999920e+00
2.897167516550000141e-02 3.302583278579999870e+01 1.034435134850000049e+00
2.900298763340000002e-02 3.303942073350000186e+01 1.034430265519999947e+00
2.903430178510000084e-02 3.306716368530000238e+01 1.034425571050000103e+00
2.906561255929999976e-02 3.308007228700000013e+01 1.034421053450000016e+00
2.909692497000000017e-02 3.310703922929999976e+01 1.034416713299999957e+00
2.912823392259999977e-02 3.311926395940000134e+01 1.034412552580000089e+00
2.915954446650000087e-02 3.314545710289999647e+01 1.034408571920000020e+00
2.919085146909999873e-02 3.315699603009999663e+01 1.034404773249999909e+00
2.922216001979999894e-02 3.318241969360000354e+01 1.034401157280000039e+00
2.925346494360000008e-02 3.319327340910000146e+01 1.034397725879999896e+00
2.928477137389999888e-02 3.321793392259999678e+01 1.034394479819999990e+00
2.931607408959999855e-02 3.322810545320000131e+01 1.034391420920000026e+00
2.934737827169999966e-02 3.325201105069999841e+01 1.034388550010000074e+00
2.937867864950000074e-02 3.326150575959999856e+01 1.034385868870000058e+00
2.940998045500000171e-02 3.328466646300000065e+01 1.034383378390000052e+00
2.944127836450000091e-02 3.329349193819999897e+01 1.034381080299999978e+00
2.947257766400000062e-02 3.331591943309999948e+01 1.034378975539999912e+00
2.950387297439999862e-02 3.332408536639999852e+01 1.034377065789999994e+00
2.953516963800000006e-02 3.334579287270000236e+01 1.034375352060000086e+00
2.956646221779999847e-02 3.335331093010000103e+01 1.034373835970000099e+00
2.959775611489999861e-02 3.337431306869999759e+01 1.034372518599999902e+00
2.962904583209999970e-02 3.338119675469999947e+01 1.034371401510000066e+00
2.966033683139999988e-02 3.340150941120000283e+01 1.034370485850000021e+00
2.969162355339999976e-02 3.340777392780000099e+01 1.034369773099999890e+00
2.972291152279999890e-02 3.342741411629999959e+01 1.034369264489999996e+00
2.975419511670000100e-02 3.343307621870000190e+01 1.034368961440000012e+00
2.978547992349999882e-02 3.345206194520000054e+01 1.034368865260000048e+00
2.981676025560000068e-02 3.345713979570000163e+01 1.034368977279999990e+00
2.984804176640000126e-02 3.347548992450000327e+01 1.034369298879999954e+00
2.987931870270000081e-02 3.348000294599999904e+01 1.034369831350000046e+00
2.991059678359999849e-02 3.349773706799999928e+01 1.034370576119999940e+00
2.994187018960000127e-02 3.350170579779999969e+01 1.034371534399999959e+00
2.997314470600000169e-02 3.351884410350000110e+01 1.034372707710000006e+00
3.000441444669999999e-02 3.352229004960000225e+01 1.034374097189999953e+00
3.003568526349999906e-02 3.353885320719999896e+01 1.034375704429999931e+00
3.006695120349999958e-02 3.354179870699999810e+01 1.034377530470000028e+00
3.009821818510000080e-02 3.355780774589999993e+01 1.034379577009999940e+00
3.012948018870000022e-02 3.356027582929999653e+01 1.034381844989999966e+00
3.016074319880000104e-02 3.357575202940000025e+01 1.034384336210000033e+00
3.019200112999999991e-02 3.357776628660000284e+01 1.034387051499999988e+00
3.022326003210000153e-02 3.359273107549999793e+01 1.034389992739999986e+00
3.025451375450000091e-02 3.359431552960000289e+01 1.034393160700000092e+00
3.028576841149999838e-02 3.360879038560000254e+01 1.034396557340000022e+00
3.031701778839999972e-02 3.360996937219999836e+01 1.034400183310000054e+00
3.034826806299999874e-02 3.362397573540000195e+01 1.034404040689999915e+00
3.037951295750000030e-02 3.362477378770000058e+01 1.034408130010000093e+00
3.041075871190000030e-02 3.363833297829999935e+01 1.034412453440000101e+00
3.044199898700000045e-02 3.363877471970000244e+01 1.034417011439999978e+00
3.047324008310000124e-02 3.365190786339999818e+01 1.034421806249999909e+00
3.050447560159999863e-02 3.365201790670000292e+01 1.034426838219999922e+00
3.053571190110000028e-02 3.366474586759999710e+01 1.034432109699999991e+00
3.056694252570000062e-02 3.366454872149999744e+01 1.034437620919999912e+00
3.059817389000000012e-02 3.367689204239999867e+01 1.034443374349999889e+00
3.062939948309999910e-02 3.367641202560000124e+01 1.034449370089999931e+00
3.066062577350000054e-02 3.368839087500000318e+01 1.034455610710000029e+00
3.069184619760000066e-02 3.368765203680000297e+01 1.034462096199999959e+00
3.072306727520000141e-02 3.369928616260000354e+01 1.034468829249999944e+00
3.075428239280000170e-02 3.369831221140000110e+01 1.034475809709999972e+00
3.078549811849999943e-02 3.370962090119999743e+01 1.034483040370000051e+00
3.081670779199999904e-02 3.370843513959999882e+01 1.034490520979999939e+00
3.084791802669999833e-02 3.371943718720000049e+01 1.034498254430000097e+00
3.087912211849999991e-02 3.371806245369999999e+01 1.034506240340000049e+00
3.091032672289999866e-02 3.372877613090000182e+01 1.034514481710000045e+00
3.094152509550000124e-02 3.372723474899999729e+01 1.034522978040000041e+00
3.097272393050000058e-02 3.373767778300000231e+01 1.034531732440000074e+00
3.100391644639999972e-02 3.373599151559999854e+01 1.034540744270000090e+00
3.103510937260000116e-02 3.374618107189999705e+01 1.034550016769999914e+00
3.106629589439999922e-02 3.374437108200000068e+01 1.034559549149999924e+00
3.109748277250000068e-02 3.375432375079999758e+01 1.034569344769999955e+00
3.112866316280000004e-02 3.375241056859999844e+01 1.034579402719999930e+00
3.115984385359999928e-02 3.376214235639999828e+01 1.034589726449999914e+00
3.119101797509999871e-02 3.376014585080000074e+01 1.034600314930000042e+00
3.122219233930000060e-02 3.376967217570000201e+01 1.034611171729999946e+00
3.125336005499999847e-02 3.376761153150000183e+01 1.034622295659999969e+00
3.128452795330000091e-02 3.377694722119999682e+01 1.034633690419999974e+00
3.131568912600000282e-02 3.377484092049999731e+01 1.034645354690000074e+00
3.134685041940000333e-02 3.378400021459999891e+01 1.034657292279999918e+00
3.137800491230000044e-02 3.378186602299999919e+01 1.034669501720000051e+00
3.140915946160000027e-02 3.379086257720000219e+01 1.034681986939999909e+00
3.144030713760000151e-02 3.378871753370000164e+01 1.034694746350000027e+00
3.147145480429999753e-02 3.379756426040000150e+01 1.034707783970000072e+00
3.150259552689999715e-02 3.379542483320000201e+01 1.034721098069999901e+00
3.153373617139999807e-02 3.380413441070000147e+01 1.034734692800000078e+00
3.156486980369999779e-02 3.380201597859999652e+01 1.034748566290000005e+00
3.159600328719999740e-02 3.381060038969999937e+01 1.034762722780000033e+00
3.162712969280000175e-02 3.380851781650000021e+01 1.034777160279999997e+00
3.165825587659999718e-02 3.381698844230000134e+01 1.034791883150000036e+00
3.168937491909999682e-02 3.381495582499999841e+01 1.034806889249999973e+00
3.172049366440000268e-02 3.382332354300000077e+01 1.034822183029999954e+00
3.175160520740000214e-02 3.382135425610000112e+01 1.034837762240000014e+00
3.178271637550000167e-02 3.382962942639999682e+01 1.034853631440000088e+00
3.181382028279999830e-02 3.382773612529999951e+01 1.034869788229999976e+00
3.184492373509999891e-02 3.383592860630000132e+01 1.034886237270000064e+00
3.187601987029999723e-02 3.383412323659999998e+01 1.034902976029999921e+00
3.190711546830000273e-02 3.384224240190000188e+01 1.034920009289999943e+00
3.193820369539999982e-02 3.384053621099999987e+01 1.034937334369999906e+00
3.196929130060000013e-02 3.384859096560000324e+01 1.034954956159999995e+00
3.200037148340000026e-02 3.384699451550000049e+01 1.034972871839999975e+00
3.203145095749999893e-02 3.385499331270000312e+01 1.034991086400000038e+00
3.206252295979999944e-02 3.385351649479999736e+01 1.035009596899999940e+00
3.209359416439999668e-02 3.386146735330000013e+01 1.035028408400000099e+00
3.212465785029999799e-02 3.386011940360000239e+01 1.035047517880000045e+00
3.215572064700000093e-02 3.386802992439999827e+01 1.035066930449999978e+00
3.218677588030000036e-02 3.386681944029999869e+01 1.035086642970000081e+00
3.221783013099999843e-02 3.387469682369999902e+01 1.035106660669999901e+00
3.224887677570000000e-02 3.387363178129999852e+01 1.035126980260000051e+00
3.227992234209999672e-02 3.388148284350000239e+01 1.035147607050000085e+00
3.231096026210000111e-02 3.388057061589999819e+01 1.035168537649999942e+00
3.234199700620000312e-02 3.388840180550000269e+01 1.035189777450000070e+00
3.237302606530000071e-02 3.388764918119999692e+01 1.035211322959999958e+00
3.240405384890000101e-02 3.389546659519999849e+01 1.035233179600000053e+00
3.243507391119999916e-02 3.389487979740000156e+01 1.035255343810000062e+00
3.246609259620000104e-02 3.390268919689999905e+01 1.035277821069999993e+00
3.249710352540000069e-02 3.390227390279999753e+01 1.035300607709999987e+00
3.252811297399999663e-02 3.391008072809999874e+01 1.035323709290000060e+00
3.255911463399999844e-02 3.390984208860000138e+01 1.035347122019999899e+00
3.259011470800000226e-02 3.391765147369999767e+01 1.035370851539999970e+00
3.262110696269999999e-02 3.391759413329999973e+01 1.035394893959999951e+00
3.265209752440000057e-02 3.392541092009999915e+01 1.035419254960000091e+00
3.268308023750000207e-02 3.392553903660000003e+01 1.035443930580000060e+00
3.271406114889999911e-02 3.393336778829999645e+01 1.035468926539999890e+00
3.274503418440000146e-02 3.393368505299999782e+01 1.035494238799999911e+00
3.277600530779999771e-02 3.394153006679999862e+01 1.035519873109999933e+00
3.280696852929999852e-02 3.394203972380000067e+01 1.035545825370000061e+00
3.283792972720000342e-02 3.394990504340000115e+01 1.035572101350000107e+00
3.286888299860000334e-02 3.395060990980000071e+01 1.035598696889999948e+00
3.289983413329999884e-02 3.395849933680000277e+01 1.035625617790000064e+00
3.293077731840000216e-02 3.395940182159999665e+01 1.035652859820000105e+00
3.296171825259999744e-02 3.396731892660000085e+01 1.035680428810000109e+00
3.299265121520000149e-02 3.396842105040000348e+01 1.035708320449999942e+00
3.302358181159999878e-02 3.397636918309999743e+01 1.035736540600000088e+00
3.305450441579999704e-02 3.397767259700000153e+01 1.035765084909999967e+00
3.308542453729999833e-02 3.398565489639999981e+01 1.035793959240000062e+00
3.311633664690000201e-02 3.398716090050000105e+01 1.035823159180000008e+00
3.314724615680000180e-02 3.399518030339999797e+01 1.035852690610000071e+00
3.317814763609999718e-02 3.399688986540000002e+01 1.035882549080000103e+00
3.320904639760000054e-02 3.400494911530000053e+01 1.035912740459999926e+00
3.323993711079999830e-02 3.400686288829999882e+01 1.035943260270000055e+00
3.327082498759999923e-02 3.401496454330000319e+01 1.035974114370000088e+00
3.330170479919999926e-02 3.401708288350000231e+01 1.036005298230000093e+00
3.333258165530000178e-02 3.402522932389999966e+01 1.036036817739999893e+00
3.336345042999999677e-02 3.402755230769999883e+01 1.036068668319999997e+00
3.339431612979999742e-02 3.403574574249999785e+01 1.036100855830000000e+00
3.342517373250000062e-02 3.403827318319999762e+01 1.036133375689999969e+00
3.345602814060000263e-02 3.404651565670000224e+01 1.036166233739999942e+00
3.348687443670000236e-02 3.404924712119999697e+01 1.036199425369999982e+00
3.351771741830000123e-02 3.405754051889999801e+01 1.036232956389999904e+00
3.354855227330000300e-02 3.406047534310000202e+01 1.036266822189999992e+00
3.357938369409999707e-02 3.406882139710000246e+01 1.036301028550000058e+00
3.361020697429999843e-02 3.407195870160000339e+01 1.036335570849999943e+00
3.364102670050000271e-02 3.408035899560000104e+01 1.036370454829999899e+00
3.367183827229999760e-02 3.408369770030000012e+01 1.036405675869999987e+00
3.370264617089999831e-02 3.409215367470000047e+01 1.036441239670000014e+00
3.373344590130000070e-02 3.409569251349999774e+01 1.036477141610000041e+00
3.376424183980000077e-02 3.410420546900000005e+01 1.036513387350000093e+00
3.379502959660000277e-02 3.410794300349999730e+01 1.036549972270000008e+00
3.382581344329999712e-02 3.411651410569999854e+01 1.036586901990000031e+00
3.385658909480000062e-02 3.412044873869999861e+01 1.036624171890000001e+00
3.388736071879999701e-02 3.412907902159999907e+01 1.036661787539999935e+00
3.391812413430000256e-02 3.413320900960000159e+01 1.036699744329999895e+00
3.394888340559999718e-02 3.414189937900000160e+01 1.036738047799999896e+00
3.397963445499999763e-02 3.414622284539999697e+01 1.036776693329999999e+00
3.401038124459999923e-02 3.415497408209999719e+01 1.036815686399999992e+00
3.404111979880000000e-02 3.415948902790000119e+01 1.036855022419999939e+00
3.407185397870000215e-02 3.416830179109999932e+01 1.036894706820000067e+00
3.410257990940000067e-02 3.417300610699999908e+01 1.036934735019999998e+00
3.413330135269999899e-02 3.418188093669999716e+01 1.036975112369999952e+00
3.416401453310000114e-02 3.418677241339999995e+01 1.037015834339999998e+00
3.419472311419999994e-02 3.419570973359999755e+01 1.037056906219999908e+00
3.422542329540000094e-02 3.420078607220000322e+01 1.037098323309999959e+00
3.425611786169999867e-02 3.420978616130000205e+01 1.037140089780000052e+00
3.428680312130000241e-02 3.421504474630000203e+01 1.037182200940000021e+00
3.431748265879999704e-02 3.422410743620000062e+01 1.037224662090000082e+00
3.434815288100000197e-02 3.422954574949999795e+01 1.037267468570000073e+00
3.437881727549999683e-02 3.423867103940000334e+01 1.037310625609999981e+00
3.440947234609999933e-02 3.424428646439999824e+01 1.037354128580000090e+00
3.444012148549999847e-02 3.425347427810000056e+01 1.037397982629999937e+00
3.447076129200000311e-02 3.425926421089999963e+01 1.037442183170000032e+00
3.450139506580000154e-02 3.426851439730000237e+01 1.037486735279999905e+00
3.453201949740000026e-02 3.427447620070000056e+01 1.037531634420000071e+00
3.456263779720000068e-02 3.428378852069999994e+01 1.037576885560000051e+00
3.459324674509999670e-02 3.428991952070000337e+01 1.037622484219999919e+00
3.462384946409999970e-02 3.429929364179999851e+01 1.037668435310000081e+00
3.465444282159999695e-02 3.430559113129999815e+01 1.037714734349999945e+00
3.468502985529999666e-02 3.431502662750000354e+01 1.037761386209999914e+00
3.471560751740000034e-02 3.432148787210000052e+01 1.037808386440000064e+00
3.474617876350000190e-02 3.433098422580000175e+01 1.037855739809999900e+00
3.477674062760000018e-02 3.433760646889999890e+01 1.037903441949999950e+00
3.480729598579999917e-02 3.434716307309999905e+01 1.037951497529999934e+00
3.483784195149999818e-02 3.435394354179999965e+01 1.037999902219999937e+00
3.486838132410000068e-02 3.436355970280000349e+01 1.038048660629999898e+00
3.489891129340000342e-02 3.437049561210000093e+01 1.038097768459999903e+00
3.492943458489999875e-02 3.438017055259999921e+01 1.038147230240000107e+00
3.495994846210000173e-02 3.438725911009999692e+01 1.038197041719999936e+00
3.499045557959999664e-02 3.439699197219999860e+01 1.038247207359999980e+00
3.502095327170000327e-02 3.440423038130000322e+01 1.038297722920000110e+00
3.505144412490000111e-02 3.441402022989999665e+01 1.038348592840000029e+00
3.508192554149999753e-02 3.442140569370000236e+01 1.038399812880000050e+00
3.511240004269999826e-02 3.443125151920000349e+01 1.038451387400000092e+00
3.514286509609999831e-02 3.443878124300000110e+01 1.038503312240000032e+00
3.517332316039999823e-02 3.444868196529999693e+01 1.038555591670000000e+00
3.520377176569999822e-02 3.445635315930000075e+01 1.038608221540000098e+00
3.523421331110000027e-02 3.446630763099999939e+01 1.038661206100000012e+00
3.526464538630000312e-02 3.447411751199999941e+01 1.038714541210000064e+00
3.529507033379999936e-02 3.448412452219999835e+01 1.038768231049999935e+00
3.532548579989999715e-02 3.449207031569999771e+01 1.038822271519999951e+00
3.535589407329999684e-02 3.450212859349999661e+01 1.038876666750000011e+00
3.538629285449999828e-02 3.451020753510000105e+01 1.038931412659999998e+00
3.541668438099999927e-02 3.452031575339999847e+01 1.038986513310000026e+00
3.544706640439999890e-02 3.452852508969999690e+01 1.039041964669999984e+00
3.547744111409999873e-02 3.453868186929999951e+01 1.039097770739999982e+00
3.550780631040000024e-02 3.454701885880000134e+01 1.039153927499999908e+00
3.553816413679999897e-02 3.455722277200000292e+01 1.039210438920000090e+00
3.556851243979999855e-02 3.456568468569999908e+01 1.039267300979999975e+00
3.559885331979999873e-02 3.457593426060000041e+01 1.039324517620000110e+00
3.562918466670000200e-02 3.458451838239999887e+01 1.039382084829999942e+00
3.565950854040000201e-02 3.459481210660000272e+01 1.039440006520000015e+00
3.568982287200000297e-02 3.460351573349999654e+01 1.039498278679999999e+00
3.572012968300000008e-02 3.461385205829999734e+01 1.039556905169999990e+00
3.575042694370000190e-02 3.462267250010000197e+01 1.039615882030000105e+00
3.578071663929999896e-02 3.463304984469999681e+01 1.039675213059999992e+00
3.581099677679999704e-02 3.464198442389999855e+01 1.039734894299999990e+00
3.584126930780000275e-02 3.465240117919999818e+01 1.039794929539999968e+00
3.587153227369999781e-02 3.466144723109999859e+01 1.039855314820000043e+00
3.590178759459999869e-02 3.467190176369999932e+01 1.039916053890000081e+00
3.593203334430000034e-02 3.468105663539999739e+01 1.039977142809999977e+00
3.596227141319999904e-02 3.469154729190000097e+01 1.040038585300000040e+00
3.599249990569999835e-02 3.470080834209999665e+01 1.040100377409999943e+00
3.602272068449999948e-02 3.471133345270000348e+01 1.040162522849999993e+00
3.605293188280000310e-02 3.472069805120000296e+01 1.040225017680000086e+00
3.608313533730000272e-02 3.473125593390000176e+01 1.040287865570000081e+00
3.611332920819999848e-02 3.474072146080000323e+01 1.040351062570000096e+00
3.614351530800000156e-02 3.475131042480000332e+01 1.040414612359999991e+00
3.617369182220000340e-02 3.476087427000000218e+01 1.040478510990000105e+00
3.620386054070000303e-02 3.477149261969999827e+01 1.040542762100000074e+00
3.623401967300000220e-02 3.478115218239999962e+01 1.040607361730000013e+00
3.626417098760000013e-02 3.479179822100000052e+01 1.040672313530000004e+00
3.629431271670000014e-02 3.480155090870000123e+01 1.040737613539999940e+00
3.632444660870000341e-02 3.481222294159999819e+01 1.040803265379999898e+00
3.635457091730000256e-02 3.482206616999999937e+01 1.040869265069999994e+00
3.638468737219999888e-02 3.483276250800000184e+01 1.040935616260000085e+00
3.641479424699999717e-02 3.484269370030000346e+01 1.041002314940000062e+00
3.644489325409999703e-02 3.485341266289999851e+01 1.041069364740000003e+00
3.647498268600000287e-02 3.486342924950000111e+01 1.041136761660000021e+00
3.650506423870000100e-02 3.487416916789999988e+01 1.041204509319999971e+00
3.653513622270000011e-02 3.488426858569999922e+01 1.041272603709999967e+00
3.656520031829999656e-02 3.489502780570000340e+01 1.041341048440000083e+00
3.659525485339999717e-02 3.490520749849999760e+01 1.041409839499999990e+00
3.662530149340000041e-02 3.491598438300000140e+01 1.041478980489999984e+00
3.665533858279999835e-02 3.492624180069999795e+01 1.041548467389999955e+00
3.668536777269999771e-02 3.493703473250000258e+01 1.041618303789999977e+00
3.671538742359999746e-02 3.494736733140000240e+01 1.041688485669999942e+00
3.674539917300000125e-02 3.495817471499999840e+01 1.041759016619999922e+00
3.677540139669999847e-02 3.496857995829999766e+01 1.041829892600000029e+00
3.680539571929999920e-02 3.497940022230000068e+01 1.041901117219999895e+00
3.683538053120000155e-02 3.498987557950000138e+01 1.041972686390000069e+00
3.686535744450000068e-02 3.500070717850000079e+01 1.042044603749999965e+00
3.689532486420000340e-02 3.501125012650000201e+01 1.042116865209999910e+00
3.692528438989999690e-02 3.502209154269999658e+01 1.042189474369999980e+00
3.695523444090000054e-02 3.503269956599999801e+01 1.042262427160000060e+00
3.698517660480000330e-02 3.504354931059999956e+01 1.042335727180000005e+00
3.701510931469999960e-02 3.505421990210000160e+01 1.042409370339999919e+00
3.704503414640000075e-02 3.506507651679999782e+01 1.042483360250000102e+00
3.707494954679999705e-02 3.507580717830000339e+01 1.042557692799999991e+00
3.710485707990000132e-02 3.508666923629999701e+01 1.042632371600000107e+00
3.713475520650000306e-02 3.509745747969999741e+01 1.042707392540000111e+00
3.716464547849999966e-02 3.510832358639999740e+01 1.042782759240000079e+00
3.719452637069999706e-02 3.511916693469999728e+01 1.042858467559999891e+00
3.722439942309999777e-02 3.513003572859999935e+01 1.042934521130000070e+00
3.725426312439999998e-02 3.514093171710000263e+01 1.043010915820000051e+00
3.728411900260000106e-02 3.515180187050000171e+01 1.043087655239999911e+00
3.731396556020000199e-02 3.516274804769999918e+01 1.043164735249999975e+00
3.734380431320000193e-02 3.517361826669999658e+01 1.043242159470000097e+00
3.737363377820000082e-02 3.518461219609999802e+01 1.043319923759999934e+00
3.740345545890000345e-02 3.519548122129999967e+01 1.043398031730000008e+00
3.743326788609999817e-02 3.520652048259999845e+01 1.043476479239999977e+00
3.746307255109999901e-02 3.521738708870000067e+01 1.043555269909999916e+00
3.749286799919999968e-02 3.522846927949999696e+01 1.043634399579999927e+00
3.752265570870000344e-02 3.523933227549999714e+01 1.043713871880000088e+00
3.755243423969999855e-02 3.525045501270000159e+01 1.043793682640000053e+00
3.758220505760000163e-02 3.526131324180000348e+01 1.043873835479999901e+00
3.761196673730000245e-02 3.527247416320000184e+01 1.043954326249999953e+00
3.764172073089999682e-02 3.528332650259999781e+01 1.044035158570000066e+00
3.767146562850000324e-02 3.529452326869999723e+01 1.044116328269999894e+00
3.770120286860000058e-02 3.530536862879999660e+01 1.044197838979999959e+00
3.773093105690000088e-02 3.531659892470000273e+01 1.044279686529999918e+00
3.776065161770000150e-02 3.532743624919999803e+01 1.044361874530000067e+00
3.779036317259999722e-02 3.533869778569999909e+01 1.044444398840000066e+00
3.782006713169999701e-02 3.534952605080000154e+01 1.044527263059999989e+00
3.784976213260000250e-02 3.536081656670000228e+01 1.044610463039999937e+00
3.787944957069999674e-02 3.537163478069999911e+01 1.044694002369999986e+00
3.790912810020000134e-02 3.538295204399999960e+01 1.044777876940000017e+00
3.793879910120000198e-02 3.539375924649999661e+01 1.044862090300000101e+00
3.796846124480000167e-02 3.540510105660000306e+01 1.044946638359999902e+00
3.799811589569999926e-02 3.541589631800000149e+01 1.045031524659999933e+00
3.802776174209999971e-02 3.542726050680000327e+01 1.045116745120000079e+00
3.805740013299999808e-02 3.543804292779999798e+01 1.045202303269999966e+00
3.808702977379999771e-02 3.544942736160000152e+01 1.045288195049999924e+00
3.811665199759999706e-02 3.546019607209999691e+01 1.045374423970000022e+00
3.814626552730000092e-02 3.547159865279999735e+01 1.045460985979999924e+00
3.817587167949999805e-02 3.548235281190000023e+01 1.045547884589999921e+00
3.820546919540000058e-02 3.549377147869999760e+01 1.045635115749999899e+00
3.823505937459999865e-02 3.550451027340000110e+01 1.045722682969999928e+00
3.826464097639999812e-02 3.551594300429999862e+01 1.045810582209999895e+00
3.829421528359999716e-02 3.552666564889999989e+01 1.045898816960000088e+00
3.832378107389999844e-02 3.553811046159999876e+01 1.045987383209999955e+00
3.835333961270000203e-02 3.554881619769999901e+01 1.046076284420000002e+00
3.838288969630000019e-02 3.556027115109999670e+01 1.046165516619999902e+00
3.841243257270000183e-02 3.557095924619999749e+01 1.046255083229999938e+00
3.844196705700000244e-02 3.558242244129999676e+01 1.046344980310000006e+00
3.847149437919999970e-02 3.559309218880000003e+01 1.046435211269999943e+00
3.850101337379999850e-02 3.560456176999999656e+01 1.046525772200000093e+00
3.853052525239999970e-02 3.561521248809999918e+01 1.046616666460000067e+00
3.856002886889999676e-02 3.562668664390000117e+01 1.046707890169999988e+00
3.858952541659999708e-02 3.563731767560000208e+01 1.046799446689999913e+00
3.861901376879999653e-02 3.564879463949999661e+01 1.046891332169999966e+00
3.864849510030000240e-02 3.565940535160000024e+01 1.046983549919999978e+00
3.867796830390000246e-02 3.567088340299999771e+01 1.047076096130000078e+00
3.870743453589999689e-02 3.568147318599999807e+01 1.047168974090000093e+00
3.873689270840000032e-02 3.569295065029999847e+01 1.047262180009999932e+00
3.876634395910000253e-02 3.570351891779999676e+01 1.047355717170000089e+00
3.879578722000000257e-02 3.571499416780000047e+01 1.047449581800000029e+00
3.882522360960000141e-02 3.572554035600000333e+01 1.047543777140000021e+00
3.885465207959999667e-02 3.573701181149999684e+01 1.047638299489999980e+00
