# Steps, Time, visc, Nusselt bottom/top, av_T, vrms, surf_rms, surf_max, grav, etamax, etamin
5.000000000000000000e+04 6.208908837092977917e-01 1.794940965098769823e+02 2.917218094945844165e+00 2.683467749655052081e+00 6.636108917280159059e-01 5.859581081673573522e+01 4.502679000594782543e+00 5.629138837458810940e+00 1.793025716510872947e+00 1.954876136969260436e+00 1.529243264664275964e-04
5.009800000000000000e+04 6.217952878323425026e-01 1.814777601929636717e+02 2.928622602857803514e+00 2.683809032012816953e+00 6.638333199136050577e-01 5.871122131282640311e+01 4.654732968255298253e+00 5.806760833777116382e+00 1.812992567466446658e+00 1.952783539267336721e+00 1.508695931050935027e-04
5.019800000000000000e+04 6.227182031239033577e-01 1.834199489037645208e+02 2.940241440040917809e+00 2.685642479958199047e+00 6.640700323435371200e-01 5.880012511799414199e+01 4.814798392464306076e+00 5.993253140480788943e+00 1.832584411663378487e+00 1.948412319851373642e+00 1.490281279103726931e-04
5.029800000000000000e+04 6.236415880873900086e-01 1.853250233010637089e+02 2.951779558017570082e+00 2.688938931621125406e+00 6.643153086203168467e-01 5.887243121994313100e+01 4.980918697827362962e+00 6.186336026874095673e+00 1.851841484193142540e+00 1.943453173878481044e+00 1.474181099260383414e-04
5.039800000000000000e+04 6.245656558017979032e-01 1.872339164150591273e+02 2.963193659970670524e+00 2.693665906816053557e+00 6.645677965947514032e-01 5.893817920481721018e+01 5.154415081560991929e+00 6.387561668784067948e+00 1.871169899433426265e+00 1.949551953117970360e+00 1.459936179856771135e-04
5.049800000000000000e+04 6.254904729474100034e-01 1.891820813906875003e+02 2.974463797017007138e+00 2.699797606379355841e+00 6.648261026779826999e-01 5.900474526916826079e+01 5.336819577017957172e+00 6.598723639140126274e+00 1.890919043585610915e+00 1.953647180090003932e+00 1.446109914775620922e-04
5.059800000000000000e+04 6.264160110987903041e-01 1.912008511756600626e+02 2.985588354019705015e+00 2.707317513858867208e+00 6.650888130053483893e-01 5.907732164012825393e+01 5.529883792889565441e+00 6.821943920522667071e+00 1.911395264186471987e+00 1.954780748065898299e+00 1.432604058492327004e-04
5.069800000000000000e+04 6.273421824159749471e-01 1.933194448279427604e+02 2.996581275227727215e+00 2.716221619675835530e+00 6.653545068179655964e-01 5.915958096159323532e+01 5.735606717909735863e+00 7.059547093696464160e+00 1.932881835490032563e+00 1.952311638795132032e+00 1.420069421457067420e-04
5.079800000000000000e+04 6.282688604799510079e-01 1.955668149347247038e+02 3.007472017526350516e+00 2.726522012363702174e+00 6.656217630391860762e-01 5.925425712657352051e+01 5.956283914113173594e+00 7.314106217042405156e+00 1.955657148783397581e+00 1.946271932123657233e+00 1.408335287213853429e-04
5.089800000000000000e+04 6.291958908802484096e-01 1.979730664927154464e+02 3.018306686187110177e+00 2.738250710742533567e+00 6.658891620404260303e-01 5.936353409356993893e+01 6.194580574407930307e+00 7.588686419547192585e+00 1.980008572071967343e+00 1.947404985200507088e+00 1.396599476229791492e-04
5.099800000000000000e+04 6.301230965508890502e-01 2.005705596575781442e+02 3.029149011109535827e+00 2.751463783345106773e+00 6.661552837746038680e-01 5.948925656198032641e+01 6.453632798254258063e+00 7.886878736616095509e+00 2.006243350327351127e+00 1.953490747198589617e+00 1.384188774284545614e-04
5.109800000000000000e+04 6.310502815468951310e-01 2.033949857702157260e+02 3.040080593648812002e+00 2.766245988391795585e+00 6.664187023182648328e-01 5.963303243281683308e+01 6.737185140997245192e+00 8.213104299100663752e+00 2.034699759811804398e+00 1.954590724198579155e+00 1.372463377719658809e-04
5.119800000000000000e+04 6.319772351887160688e-01 2.064867667666291595e+02 3.051200598478161830e+00 2.782716367644989752e+00 6.666779759922432103e-01 5.979630866940883749e+01 7.049778087926075187e+00 8.572451817446779643e+00 2.065762339109323609e+00 1.948971641061406634e+00 1.361396654902615768e-04
5.129800000000000000e+04 6.329037368241179351e-01 2.098931478570364675e+02 3.062625560115959988e+00 2.801035453374049133e+00 6.669316316881588325e-01 5.998049221398809294e+01 7.397006978378766640e+00 8.971216170122531253e+00 2.099885009919321366e+00 1.948553702398853060e+00 1.348888389393328527e-04
5.139800000000000000e+04 6.338295601795885803e-01 2.136713726953384764e+02 3.074490206513957880e+00 2.821415028420777737e+00 6.671781416138855558e-01 6.018716784888567162e+01 7.785885154236418693e+00 9.417395091210835290e+00 2.137625388455822950e+00 1.955361127683753919e+00 1.336822897405828836e-04
5.149800000000000000e+04 6.347544671041890352e-01 2.178933534495352262e+02 3.086950248953225895e+00 2.844131546286146062e+00 6.674158876724869405e-01 6.041844210588558184e+01 8.225357114922100976e+00 9.921306866652537693e+00 2.179691422883442975e+00 1.950684719907510356e+00 1.325508281142967774e-04
5.159800000000000000e+04 6.356781469477444935e-01 2.226521936888546804e+02 3.100188366201140688e+00 2.869543800500872877e+00 6.676430992942516962e-01 6.067741746590335339e+01 8.727009410939492895e+00 1.049582535321410859e+01 2.226990369607876552e+00 1.952064705533522293e+00 1.312353018015371573e-04
5.169800000000000000e+04 6.366002869979382472e-01 2.280718330409208932e+02 3.113791255548121306e+00 2.898122325357668672e+00 6.678591340828530232e-01 6.097217204248416778e+01 9.305867636000996868e+00 1.115814888290648277e+01 2.288719059201364203e+00 1.954896504632450238e+00 1.299915394854892772e-04
5.179800000000000000e+04 6.375206272473065150e-01 2.343284745537767719e+02 3.129132469631612512e+00 2.930490330865846538e+00 6.680603747123534664e-01 6.130414902349163242e+01 9.986263687475886996e+00 1.193150530033487655e+01 2.345460275324390942e+00 1.951770951956557809e+00 1.286733047332245410e-04
5.189800000000000000e+04 6.384390985369244875e-01 2.416569596747432911e+02 3.147472543439638226e+00 2.967494849445619920e+00 6.682414750463252506e-01 6.167591600383079253e+01 1.079119334848034484e+01 1.284989492943644862e+01 2.400038580055950721e+00 1.951576407914581868e+00 1.273106894694445081e-04
5.199800000000000000e+04 6.393551865556968972e-01 2.503915132259886605e+02 3.166676547374034811e+00 3.010303662981647754e+00 6.684035470299315440e-01 6.213023566432347167e+01 1.176278390661305728e+01 1.395694797222994588e+01 2.496832823923929467e+00 1.958100429191581338e+00 1.258530423849359636e-04
5.209800000000000000e+04 6.402682809797399788e-01 2.610489680598305426e+02 3.188767052532199386e+00 3.060541443634224201e+00 6.685409500608511246e-01 6.267533251263703420e+01 1.296071928246854732e+01 1.531947951439540212e+01 2.600114605518075273e+00 1.959005666047059613e+00 1.243853370127713097e-04
5.219800000000000000e+04 6.411776266619593212e-01 2.743840257193355683e+02 3.214192044136152226e+00 3.120560718562230385e+00 6.686489178353203222e-01 6.336276468797846206e+01 1.447006592238391320e+01 1.703266053381270240e+01 2.737259660867596978e+00 1.961111447911219718e+00 1.226385767610206981e-04
5.229800000000000000e+04 6.420819943349932446e-01 2.915785002791141096e+02 3.244150508887127415e+00 3.193840832981663880e+00 6.687216577201697820e-01 6.426515127303611052e+01 1.641910095373637546e+01 1.923932447113245559e+01 2.913803376727501337e+00 1.965466759946813413e+00 1.207455206866835990e-04
5.239800000000000000e+04 6.429799407152576585e-01 3.144658864102720486e+02 3.281044722417715498e+00 3.285736707008641400e+00 6.687498675576352136e-01 6.549230248629851303e+01 1.900596531750665363e+01 nan 3.144655697127270777e+00 1.962079407866401892e+00 1.186108110814250362e-04
5.249800000000000000e+04 6.438689205880804289e-01 3.458929745455455418e+02 3.327897796713794154e+00 3.404609850329531007e+00 6.687219644804196506e-01 6.722653552507030383e+01 2.252016708585066951e+01 nan 3.458682998140854004e+00 1.973122696770376550e+00 1.161666691067491047e-04
5.259800000000000000e+04 6.447456208806857658e-01 3.901583203989815729e+02 3.389849892773673545e+00 3.563868593911306171e+00 6.686203991403508740e-01 6.975135010519117884e+01 2.737562926326172175e+01 nan 3.901850785665776478e+00 1.978024679781466677e+00 1.130516148091157531e-04
5.269800000000000000e+04 6.456053003287182124e-01 4.530218660327867042e+02 3.474262692723005586e+00 3.784703158382357380e+00 6.684212866556996646e-01 7.345848760968637237e+01 3.406848644615970301e+01 nan 4.537963468911686782e+00 1.973446305716056948e+00 1.093574059925349909e-04
5.279800000000000000e+04 6.464420332421519921e-01 5.400026122503554689e+02 3.591539544196420408e+00 4.098328151068896474e+00 6.680910795106046463e-01 7.870703924321107081e+01 4.294927182465466586e+01 nan 5.415037471289126714e+00 1.979136730306480629e+00 1.049299418745929923e-04
5.289800000000000000e+04 6.472503677012533263e-01 6.508750848198446874e+02 3.754062387151793523e+00 4.541649557143419891e+00 6.675820323626560082e-01 8.542072482172589787e+01 5.365811951658928791e+01 nan 6.541226490181635711e+00 1.978998267200734018e+00 1.000343328191515767e-04
5.299800000000000000e+04 6.480284319702640516e-01 7.717226846822850348e+02 3.968370147957122285e+00 5.131420077783830358e+00 6.668361382688599015e-01 9.243384884478886931e+01 6.445077697967725783e+01 nan 7.740762470443129928e+00 1.977990148740493614e+00 9.541887543315972055e-05
5.309800000000000000e+04 6.487810589038874864e-01 8.746228720265631864e+02 4.226968138193329949e+00 5.814516119605954714e+00 6.658079117634809752e-01 9.772781950806648865e+01 7.244782104835304892e+01 nan 8.784777068658069510e+00 1.978291208554544101e+00 9.206575798773820245e-05
5.319800000000000000e+04 6.495208160636488648e-01 9.340389434378511169e+02 4.511548369709061923e+00 6.461502503682379661e+00 6.644903937999032673e-01 9.955204439792625237e+01 7.556472880806293801e+01 nan 9.313558085501227879e+00 1.959745343007564644e+00 9.075678974490149708e-05
5.329800000000000000e+04 6.502630481635160997e-01 9.421916971891450885e+02 4.787311870970558658e+00 6.953671655610238034e+00 6.629558441115561696e-01 9.784038703342166343e+01 7.385401344134761814e+01 nan 9.501210590555814406e+00 1.966919665986718080e+00 9.130673628169482968e-05
5.339800000000000000e+04 6.510236358747619745e-01 9.079037552317577138e+02 5.033647651410439572e+00 7.252020164593652396e+00 6.612939207696424404e-01 9.324914393370254118e+01 6.885981031403314034e+01 nan 9.172328809338431199e+00 1.945030245093877452e+00 9.302028376395737332e-05
5.349800000000000000e+04 6.518193875714841656e-01 8.445244215105601597e+02 5.243532731098165200e+00 7.373277713281785495e+00 6.595759618051277862e-01 8.683245889363654157e+01 6.213640788615473554e+01 nan 8.527198948592531025e+00 1.976237556460217260e+00 9.580696642864798866e-05
5.359800000000000000e+04 6.526659950852307102e-01 7.637951735773365272e+02 5.409778405431189263e+00 7.349135604408115086e+00 6.578697293233722876e-01 7.948280530599660665e+01 5.466416941673104191e+01 nan 7.715792540173186609e+00 1.959981071345465065e+00 9.964694136469393363e-05
5.369800000000000000e+04 6.535766447279177660e-01 6.748879051990854805e+02 5.525865333965224835e+00 7.208189789894030142e+00 6.562357158782919919e-01 7.186237828293194241e+01 4.697818602529670784e+01 nan 6.803890121896708720e+00 1.968565686826827976e+00 1.048188164195930345e-04
5.379800000000000000e+04 6.545607013899007454e-01 5.851890795737624558e+02 5.584615454195804851e+00 6.974997570552408099e+00 6.547398847064128669e-01 6.454584020146042178e+01 3.945447260708861847e+01 nan 5.887269956548395911e+00 1.961170929921437711e+00 1.116822128674600876e-04
5.389800000000000000e+04 6.556218715934202246e-01 5.009053853863331369e+02 5.587949093535883094e+00 6.673201698769080537e+00 6.534394826455318661e-01 5.796844135298105272e+01 3.238556011070473772e+01 nan 4.979980831171216593e+00 1.934683304979544882e+00 1.205467163159915561e-04
5.399800000000000000e+04 6.567573558397770128e-01 4.265622287086400206e+02 5.531949473752084678e+00 6.327618803484043930e+00 6.523867025223886174e-01 5.251358596211883167e+01 2.597304371113165544e+01 nan 4.269476090266805635e+00 1.939392372145195775e+00 1.315217580742371220e-04
5.409800000000000000e+04 6.579569956410943332e-01 3.646549721565996833e+02 5.429846160486849982e+00 5.963394448647246548e+00 6.516114144565496868e-01 4.827642774025967753e+01 2.041197196962819049e+01 nan 3.649526504746926747e+00 1.931090042235880766e+00 1.439059169444413815e-04
5.419800000000000000e+04 6.592078668138343645e-01 3.151556606815508985e+02 5.301729847389204942e+00 5.601783525959618260e+00 6.511137100034229963e-01 4.522523253511540275e+01 1.575149639609038843e+01 nan 3.150703883947420625e+00 1.947952762480917865e+00 1.574867215631941804e-04
5.429800000000000000e+04 6.604949794107868311e-01 2.767548265617148218e+02 5.161540223635804558e+00 5.258554458328090320e+00 6.508822632920905349e-01 4.320380853533518462e+01 1.197980994952291667e+01 nan 2.756720157001427474e+00 1.941898491984792141e+00 1.716047588908159167e-04
5.439800000000000000e+04 6.618039744637804755e-01 2.474205814001359727e+02 5.020920743595679525e+00 4.943618949243184346e+00 6.508912129334071262e-01 4.202351124975773899e+01 9.045094618120776531e+00 1.102261307686453051e+01 2.468553287708045829e+00 1.939162514166147266e+00 1.855573432845678580e-04
5.449800000000000000e+04 6.631221774788940149e-01 2.251034813480370644e+02 4.885403471044538648e+00 4.662033035272651560e+00 6.511088855200675152e-01 4.145170881929826123e+01 6.870106345381928215e+00 8.418277785917430478e+00 2.241165170930246031e+00 1.933370792154009976e+00 1.960323429539229741e-04
5.459800000000000000e+04 6.644398723032932663e-01 2.078899404280940644e+02 4.757366515293897535e+00 4.414886604959087357e+00 6.514990776464263389e-01 4.130023797817946729e+01 5.328904660297779650e+00 6.568997348984562556e+00 2.068722006366901400e+00 1.952126942986085245e+00 1.960240032582152500e-04
5.469800000000000000e+04 6.657493182926992326e-01 1.942708929008162784e+02 4.637138092348402907e+00 4.200515944890486963e+00 6.520259304617075369e-01 4.143424565941754878e+01 4.278971951305606147e+00 5.304833704678728168e+00 1.933153522907445909e+00 1.956057165597457681e+00 1.960046935638524838e-04
5.479800000000000000e+04 6.670451037911312442e-01 1.831635992000919089e+02 4.524128627012504289e+00 4.015495681311605836e+00 6.526535375977952080e-01 4.175086500857121052e+01 3.575468571345665314e+00 4.458539725547708166e+00 1.820374527499346806e+00 1.952540439601023525e+00 1.959781969204998442e-04
5.489800000000000000e+04 6.683238814023456653e-01 1.738848288751583482e+02 4.416299606903820063e+00 3.855748420762860729e+00 6.533511796390014670e-01 4.219315420760904090e+01 3.111336411769995536e+00 3.902426801005689505e+00 1.725025983037643540e+00 1.944116888924110054e+00 1.959464524313798332e-04
5.499800000000000000e+04 6.695837676263417526e-01 1.660170379864502479e+02 4.311926611220652461e+00 3.717288848411004043e+00 6.540914740450248788e-01 4.271208419853936533e+01 2.799472407873826896e+00 3.529649497074227593e+00 1.651117255412672291e+00 1.953849116545227638e+00 1.959122378227939464e-04
5.509800000000000000e+04 6.708242507132361476e-01 1.593192386790104536e+02 4.208140544297966024e+00 3.596588661864607683e+00 6.548548212349671882e-01 4.328245111827570213e+01 2.590198053076745222e+00 3.279333206966891456e+00 1.590057050026202123e+00 1.957767860542446003e+00 1.958772439095256962e-04
5.519800000000000000e+04 6.720458203557825305e-01 1.535544074716981413e+02 4.107581616584026207e+00 3.490679401298877771e+00 6.556181356256620685e-01 4.387700801601011591e+01 2.460417349847452861e+00 3.127641139863110542e+00 1.528929913842845822e+00 1.953703407795886582e+00 1.958425728327129855e-04
5.529800000000000000e+04 6.732495293186414598e-01 1.486182610460072056e+02 4.006910678035294993e+00 3.397149629174596619e+00 6.563690586745543065e-01 4.447667520165560973e+01 2.381897463556732930e+00 3.038360976927047208e+00 1.485525436200528571e+00 1.961326965587350202e+00 1.958090493405841850e-04
5.539800000000000000e+04 6.744365749950304023e-01 1.444409896885236435e+02 3.905762694106559518e+00 3.314077254505700232e+00 6.570961803709171045e-01 4.507657421822574406e+01 2.340351529103606332e+00 2.993905521102499190e+00 1.444471552033634643e+00 1.962769396262303623e+00 1.957762304877998434e-04
5.549800000000000000e+04 6.756080228201589710e-01 1.409730370788709024e+02 3.805548203390119788e+00 3.239938694148570164e+00 6.577880508092439626e-01 4.567073654508168801e+01 2.328353136165128401e+00 2.986241446233229180e+00 1.409072012731318102e+00 1.952725538466977939e+00 1.957435100960143502e-04
5.559800000000000000e+04 6.767645382372250440e-01 1.382366715499305769e+02 3.704164253080988622e+00 3.173536968610455311e+00 6.584396737744198091e-01 4.626525194306591260e+01 2.332452513167025288e+00 2.994273683844791645e+00 1.390318101208203760e+00 1.956694008680090802e+00 1.957096486401723823e-04
5.569800000000000000e+04 6.779069396307982887e-01 1.361946584483405900e+02 3.605656120358667227e+00 3.113889052582200723e+00 6.590380583269830339e-01 4.685644313068760880e+01 2.356559586242605420e+00 3.029306248302490179e+00 1.366814236303109276e+00 1.959980533863344698e+00 1.956765125222003677e-04
5.579800000000000000e+04 6.790357937766005048e-01 1.348529971127901490e+02 3.509166086810776797e+00 3.060198833359049075e+00 6.595810288212046180e-01 4.745202404513780436e+01 2.395285641192530957e+00 3.081964488839577854e+00 1.351425704487400958e+00 1.956211155333475116e+00 1.956429631618582070e-04
5.589800000000000000e+04 6.801513525170107544e-01 1.342146902827376778e+02 3.415406115949915389e+00 3.011818767765687799e+00 6.600674151621391816e-01 4.806267937659511347e+01 2.446302547865280896e+00 3.149026457462054118e+00 1.346630966386125117e+00 1.958414489626976174e+00 1.956084469562052296e-04
5.599800000000000000e+04 6.812535443675126201e-01 1.342786567111161276e+02 3.325611021490391561e+00 2.968216189926395909e+00 6.604975939391828366e-01 4.869995844311119271e+01 2.508071806348677768e+00 3.228538846113670591e+00 1.347407022992315406e+00 1.954444947944261823e+00 1.955726994121132986e-04
5.609800000000000000e+04 6.823420925112140267e-01 1.350271470619580896e+02 3.241544361180734857e+00 2.928944366847477276e+00 6.608725904576284726e-01 4.937267559038118492e+01 2.579632129593129264e+00 3.319476733705585048e+00 1.355499734266798706e+00 1.949046218641762307e+00 1.955355134840625249e-04
5.619800000000000000e+04 6.834164598651581990e-01 1.364255016158948592e+02 3.164550302754816524e+00 2.893627915023466279e+00 6.611960491375525883e-01 5.008537325637820459e+01 2.660173485500428203e+00 3.420699224986877063e+00 1.369574256538610424e+00 1.952186086806614762e+00 1.954972487758334181e-04
5.629800000000000000e+04 6.844762864010015546e-01 1.384101151323270358e+02 3.096694349784228528e+00 2.861936141488862884e+00 6.614705507528938488e-01 5.083358673357966495e+01 2.749040272705122412e+00 3.531347094907808959e+00 1.381729150215593727e+00 1.954502256767773005e+00 1.954576231145658410e-04
5.639800000000000000e+04 6.855210754832458120e-01 1.409179521389213505e+02 3.037390173479216138e+00 2.833585699334232988e+00 6.617060534887582168e-01 5.162144007086875774e+01 2.845818844869526298e+00 3.650940799478122223e+00 1.407576876950225264e+00 1.955516340436957545e+00 1.954167463493266480e-04
5.649800000000000000e+04 6.865505872084686212e-01 1.438643720042963423e+02 2.987521049831365350e+00 2.808322819674584192e+00 6.619096277531275607e-01 5.243607105120064205e+01 2.949964271779254688e+00 3.778777384878861945e+00 1.437277526177290099e+00 1.955736855197796054e+00 1.939076097726752769e-04
5.659800000000000000e+04 6.875648099112018352e-01 1.471505478620303222e+02 2.947294211159404043e+00 2.785920939517627204e+00 6.620888202289689772e-01 5.326358519129254177e+01 3.060871565250171678e+00 3.914116831023159548e+00 1.470275827375386424e+00 1.955427440987132615e+00 1.896082368284201201e-04
5.669800000000000000e+04 6.885640425646020191e-01 1.506676326081291677e+02 2.916457877066004567e+00 2.766176070656394259e+00 6.622510981695168830e-01 5.408536618536156482e+01 3.177891607229670790e+00 4.056170129200004304e+00 1.505498351265092349e+00 1.954696400313800098e+00 1.852677738309575642e-04
5.679800000000000000e+04 6.895488533012533727e-01 1.543042324747819976e+02 2.894378395775258461e+00 2.748905913926328104e+00 6.624037350653081413e-01 5.487796713372464552e+01 3.303070108884147427e+00 4.204899052288825878e+00 1.541202886939373240e+00 1.920187119157676259e+00 1.809432838828677395e-04
5.689800000000000000e+04 6.905202267682087891e-01 1.579440951598055562e+02 2.880110502666600958e+00 2.733943830589549151e+00 6.625529712738805754e-01 5.562737375838103304e+01 3.427268498949955777e+00 4.356795329448853948e+00 1.578216696266544039e+00 1.951886754122540646e+00 1.767015127188240769e-04
5.699800000000000000e+04 6.914795445328445478e-01 1.614960659108489551e+02 2.872625775071506737e+00 2.721140505191233849e+00 6.627026049902040583e-01 5.630658009358936766e+01 3.558445249285664858e+00 4.513928085403081880e+00 1.613682668931678776e+00 1.949684899141459926e+00 1.726107398753789427e-04
5.709800000000000000e+04 6.924284571279569755e-01 1.648813025432406789e+02 2.870369411264250825e+00 2.710366093064138671e+00 6.628583185250456200e-01 5.690885341612126069e+01 3.692899005642980015e+00 4.674358645596585760e+00 1.656361375306007133e+00 1.946777765934288862e+00 1.687410026413276704e-04
5.719800000000000000e+04 6.933686750516083741e-01 1.680525012069969932e+02 2.872277879489299135e+00 2.701508507886329902e+00 6.630235698340223305e-01 5.742031318078675639e+01 3.830506233234371560e+00 4.837929651118876961e+00 1.688115653109048653e+00 1.944210422317579789e+00 1.651546593409038534e-04
5.729800000000000000e+04 6.943021038296620651e-01 1.709759257652578412e+02 2.877758437474004616e+00 2.694470869965874371e+00 6.631986779908831675e-01 5.784029305271186416e+01 3.970770665710424030e+00 5.004057551549802696e+00 1.717444615610734360e+00 1.947755547437836299e+00 1.617895559943690535e-04
5.739800000000000000e+04 6.952305027540870430e-01 1.736452689887289011e+02 2.885718250964899312e+00 2.689171957317877393e+00 6.633849844347523561e-01 5.817208037031030443e+01 4.113565976440571426e+00 5.172595195494585241e+00 1.744293866766372325e+00 1.951118597606614324e+00 1.587118449941162554e-04
5.749800000000000000e+04 6.961554849653689425e-01 1.760761757647312891e+02 2.895320826812902926e+00 2.685543166674965398e+00 6.635830387200960523e-01 5.842437467378209703e+01 4.258975834479391764e+00 5.343645046729482928e+00 1.768827366557241154e+00 1.953772927217635180e+00 1.559885737716201119e-04
5.759800000000000000e+04 6.970784707170235572e-01 1.783010133854288028e+02 2.906766173157372180e+00 2.683525559685748352e+00 6.637907304863055469e-01 5.860756654004539001e+01 4.407488550312813835e+00 5.517780613209502860e+00 1.780968437111699609e+00 1.955078872347882246e+00 1.536111167823821081e-04
5.769800000000000000e+04 6.980005464121280534e-01 1.803642443105207462e+02 2.918757683301256289e+00 2.683068486321442681e+00 6.640084252961795386e-01 5.873869233547549129e+01 4.559418012181277291e+00 5.695479781476560532e+00 1.801709742402490821e+00 1.954415942772103065e+00 1.514900784802818720e-04
5.779800000000000000e+04 6.989224838081847802e-01 1.823186311909322512e+02 2.930652795533016608e+00 2.684127266121418387e+00 6.642369108348884499e-01 5.883373789584404534e+01 4.715673238278864865e+00 5.877781885413789986e+00 1.821400037799889349e+00 1.951474807992666038e+00 1.495362783927586066e-04
5.789800000000000000e+04 6.998448172567816039e-01 1.842122531571447439e+02 2.942436755547099825e+00 2.686661064772775109e+00 6.644748679950287507e-01 5.890655867112703703e+01 4.877236706973580027e+00 6.065800651014826350e+00 1.840520174864259451e+00 1.946327707364551518e+00 1.478370564184520509e-04
5.799800000000000000e+04 7.007678463837712091e-01 1.860890686104759197e+02 2.954066654189814400e+00 2.690633378656217545e+00 6.647209308483743584e-01 5.896862872430372704e+01 5.045315121585364437e+00 6.260957371088619716e+00 1.859507571230379686e+00 1.945853263485083362e+00 1.463449027472582878e-04
5.809800000000000000e+04 7.016916947560715156e-01 1.879874098203600283e+02 2.965519079219790299e+00 2.696013248211588387e+00 6.649736898750793213e-01 5.902867680667603878e+01 5.221323686595109592e+00 6.464913525287753870e+00 1.878741453370690984e+00 1.951325125979053610e+00 1.450149680534124194e-04
5.819800000000000000e+04 7.026163663002839010e-01 1.899406235919347807e+02 2.976789919505455018e+00 2.702777464666631158e+00 6.652317129266338558e-01 5.909295840531864030e+01 5.406884922196825372e+00 6.679566425858985745e+00 1.898549419204171640e+00 1.954450560809810833e+00 1.436272656876233630e-04
5.829800000000000000e+04 7.035417888241175532e-01 1.919788237881638224e+02 2.987890837366635299e+00 2.710913514959361059e+00 6.654935615872943355e-01 5.916585674794526284e+01 5.603844953856891742e+00 6.907203040158189644e+00 1.919224961393097617e+00 1.954345324335554857e+00 1.423425757485862852e-04
5.839800000000000000e+04 7.044678421435608406e-01 1.941307989375457055e+02 2.998848021605486913e+00 2.720422985935815330e+00 6.657578004658637472e-01 5.925050924069931568e+01 5.814309577824849917e+00 7.150152677250217970e+00 1.941046349492967060e+00 1.950598405625160403e+00 1.411437634493826652e-04
5.849800000000000000e+04 7.053943739108335942e-01 1.964255849035848200e+02 3.009702767774723675e+00 2.731325227540187583e+00 6.660230008548035929e-01 5.934928506227029743e+01 6.040702100483602344e+00 7.411187425879676383e+00 1.964292030131012279e+00 1.943449729104345547e+00 1.400172761292976342e-04
5.859800000000000000e+04 7.063212079526174358e-01 1.988936676844981548e+02 3.020512555905884078e+00 2.743661222167479874e+00 6.662877403109959129e-01 5.946408017076493024e+01 6.285845980926729304e+00 7.693548088140842012e+00 1.989252375205901036e+00 1.949897919688615255e+00 1.388008028655237237e-04
5.869800000000000000e+04 7.072481492316037288e-01 2.015680301960081238e+02 3.031351725889446236e+00 2.757497786012683250e+00 6.665505987676380029e-01 5.959647642920224087e+01 6.553078011569865247e+00 8.001061721830485141e+00 2.016240181450541957e+00 1.954542640513405205e+00 1.376020656418959324e-04
5.879800000000000000e+04 7.081749880371102090e-01 2.044853450972029236e+02 3.042311529071317189e+00 2.772932419087812406e+00 6.668101508204202776e-01 5.974783684485831969e+01 6.846402135162316327e+00 8.338475063816225941e+00 2.045603266660098285e+00 1.953441709622701250e+00 1.364684062701057414e-04
5.889800000000000000e+04 7.091015044664993328e-01 2.076876425511859168e+02 3.053499906231365912e+00 2.790099325802662289e+00 6.670649531564188939e-01 5.991940680900079741e+01 7.170700246269350764e+00 8.711152793597280564e+00 2.077742723114111900e+00 1.945504903928343632e+00 1.353307343023347781e-04
5.899800000000000000e+04 7.100274729292951337e-01 2.112248024874890575e+02 3.065041699171314971e+00 2.809177365140843818e+00 6.673135256454676423e-01 6.011247854683522007e+01 7.532025126539378057e+00 9.125960197160843279e+00 2.113140255713394033e+00 1.951837015763332683e+00 1.340896110227230559e-04
5.909800000000000000e+04 7.109526654769933174e-01 2.151582634775421923e+02 3.077080194552524794e+00 2.830400999540318097e+00 6.675543241346761913e-01 6.032865930407382393e+01 7.938013604124346756e+00 9.591696729180311465e+00 2.152397372354819982e+00 1.955227179990503217e+00 1.329213394845068683e-04
5.919800000000000000e+04 7.118768141423964524e-01 2.195662577921987122e+02 3.089780664575519253e+00 2.854074718382029641e+00 6.677856922308138543e-01 6.057025908777679035e+01 8.398458454115514726e+00 1.011944163189985346e+01 2.196284304137241072e+00 1.946056006848505548e+00 1.317377146223188019e-04
5.929800000000000000e+04 7.127996191584557995e-01 2.245516318494469488e+02 3.103339808457015181e+00 2.880595115995720157e+00 6.680058094010998815e-01 6.084083456148488978e+01 8.926160425396757248e+00 1.072352550806476756e+01 2.245784911990067023e+00 1.955318135756040077e+00 1.304445230794812457e-04
5.939800000000000000e+04 7.137207411329673512e-01 2.302546268453782830e+02 3.117156303683896734e+00 2.910482269087672158e+00 6.682146738814724873e-01 6.114994178760906607e+01 9.537892156510915598e+00 1.142325215061373811e+01 2.308574032259651521e+00 1.950641931437312682e+00 1.292466676895986130e-04
5.949800000000000000e+04 7.146400119771800785e-01 2.368685675448405448e+02 3.133401421523280383e+00 2.944431614586912271e+00 6.684063701030138471e-01 6.149822988781042454e+01 1.026043609234191045e+01 1.224435294442825750e+01 2.368467039137874597e+00 1.955395115722915023e+00 1.278484796820360486e-04
5.959800000000000000e+04 7.155573679689174460e-01 2.446588561072373125e+02 3.152467508817267561e+00 2.983399761984956822e+00 6.685770084965785287e-01 6.188948045569689071e+01 1.112042251321154751e+01 1.322511304532999610e+01 2.435962944857840817e+00 1.948841275024413955e+00 1.265461412319322950e-04
5.969800000000000000e+04 7.164720395295195443e-01 2.540247113564734605e+02 3.172384523749140595e+00 3.028688612569547800e+00 6.687284503669761460e-01 6.237583086632888296e+01 1.216648035686808704e+01 1.441620433197731899e+01 2.532357068289401880e+00 1.954470021431865101e+00 1.249991129158238134e-04
5.979800000000000000e+04 7.173835302912479062e-01 2.655489462681261443e+02 3.195747445006948073e+00 3.082161010465491735e+00 6.688526666491749761e-01 6.296543510544877620e+01 1.346601832363958628e+01 1.589327701142108218e+01 2.647749183973396647e+00 1.959304806843920499e+00 1.234391081045807699e-04
5.989800000000000000e+04 7.182908596581395466e-01 2.801244010135920917e+02 3.222565029374741652e+00 3.146517696557891153e+00 6.689461187981440293e-01 6.372189955991188981e+01 1.511806817918948731e+01 1.776683049216290300e+01 2.797799601174579376e+00 1.961113681280112875e+00 1.217549620832922649e-04
5.999800000000000000e+04 7.191927447733638123e-01 2.991385423350405972e+02 3.254675301527017339e+00 3.225819781453923785e+00 6.690012462574888019e-01 6.471773336396934440e+01 1.727306152777197212e+01 nan 2.982985776563755742e+00 1.957318012035766719e+00 1.198139842189077485e-04
6.009800000000000000e+04 7.200874292972559987e-01 3.247488698063802417e+02 3.294752425545052876e+00 3.326360143584160767e+00 6.690080069881112479e-01 6.610966131624300601e+01 2.016024357763900454e+01 nan 3.247412109806145253e+00 1.970570322201687707e+00 1.175122318863309876e-04
6.019800000000000000e+04 7.209720581496832370e-01 3.603040361057005612e+02 3.346419376776597954e+00 3.458078211676913316e+00 6.689529631795397835e-01 6.809387355728478042e+01 2.411427682747273948e+01 nan 3.603510279368684621e+00 1.972946893277568003e+00 1.147902691458938760e-04
6.029800000000000000e+04 7.218428670647255574e-01 4.107183056746459897e+02 3.415562935181589044e+00 3.636930310532099142e+00 6.688165065676461296e-01 7.100460030232042641e+01 2.959368032969229745e+01 nan 4.108951568560839540e+00 1.971159866466106081e+00 1.115401540807261843e-04
6.039800000000000000e+04 7.226945642333869602e-01 4.820642927741603216e+02 3.510652461734791174e+00 3.887753869558626008e+00 6.685715120996646998e-01 7.525902818147524442e+01 3.708734547539818038e+01 nan 4.834799639574898222e+00 1.980325022891169295e+00 1.075739880223652520e-04
6.049800000000000000e+04 7.235210835550364150e-01 5.787222299950085471e+02 3.643416053761990625e+00 4.245304691046363210e+00 6.681795671562174022e-01 8.111225639646026764e+01 4.677608471968204640e+01 nan 5.802005150617473461e+00 1.982660484855802707e+00 1.029310005519918909e-04
6.059800000000000000e+04 7.243177693719721200e-01 6.962735794295830374e+02 3.824918883993011942e+00 4.744038022648637387e+00 6.675879578943835213e-01 8.816019001146250389e+01 5.785100260411377349e+01 nan 6.980696552687614798e+00 1.985500791755161920e+00 9.800897218506681211e-05
6.069800000000000000e+04 7.250849859162472599e-01 8.147228891960393184e+02 4.057793617820628640e+00 5.381190634867305533e+00 6.667392530282001406e-01 9.484522084661276153e+01 6.801220653161121277e+01 nan 8.176172424082142953e+00 1.976502119626808218e+00 9.380105706388447971e-05
6.079800000000000000e+04 7.258304828732330405e-01 9.043255537998081763e+02 4.329709749279186504e+00 6.070277887217493173e+00 6.655986840652581282e-01 9.899532907161970741e+01 7.438309134540317302e+01 nan 9.028279752190726981e+00 1.965693177965188276e+00 9.122590230303241567e-05
6.089800000000000000e+04 7.265686641195975293e-01 9.447207495931124868e+02 4.615765199296401278e+00 6.672105573214211383e+00 6.641852151974416696e-01 9.943112326688952862e+01 7.561593765465048023e+01 nan 9.367594512203670121e+00 1.963513382628213622e+00 9.058826840055741569e-05
6.099800000000000000e+04 7.273150151189724522e-01 9.356844497076872358e+02 4.882398796515612815e+00 7.094408541677126756e+00 6.625916795594389841e-01 9.657980870738195733e+01 7.245329588804470689e+01 nan 9.440958482188134937e+00 1.958777036981121267e+00 9.161005456664917149e-05
6.109800000000000000e+04 7.280860395700134990e-01 8.887814152904038565e+02 5.117042693220707150e+00 7.324240955584981450e+00 6.608959213877003691e-01 9.117884899754655237e+01 6.663683004418578548e+01 nan 8.988128992522362637e+00 1.975090939203645313e+00 9.374387133639176524e-05
6.119800000000000000e+04 7.288982900364355810e-01 8.174131623860535001e+02 5.312271379228110213e+00 7.387822316842820314e+00 6.591701954828736998e-01 8.429254957150347138e+01 5.951078759461522338e+01 nan 8.263360531276298104e+00 1.970090797216840883e+00 9.682523062492914281e-05
6.129800000000000000e+04 7.297667094089098638e-01 7.323605349480927771e+02 5.460780990213763175e+00 7.316765580804267088e+00 6.574801406146859595e-01 7.673748473662396918e+01 5.187276125262219040e+01 nan 7.394837950940074123e+00 1.974968484798387713e+00 1.010855994930416737e-04
6.139800000000000000e+04 7.307034131993501713e-01 6.419611995771438160e+02 5.556801491436958784e+00 7.137996221000419084e+00 6.558847763801127773e-01 6.913555089474570536e+01 4.419027418043158661e+01 nan 6.464716168975559896e+00 1.971502481962027487e+00 1.068581163115625668e-04
6.149800000000000000e+04 7.317157197404046132e-01 5.533257647444762597e+02 5.593250580599689492e+00 6.875492226736701795e+00 6.544523606007095484e-01 6.203244759781379258e+01 3.677287361890621042e+01 nan 5.553836658401641202e+00 1.975022301156851290e+00 1.145022478278786844e-04
6.159800000000000000e+04 7.328053346433825999e-01 4.719908501641990028e+02 5.576555024459171506e+00 6.553217156312496350e+00 6.532330638888117491e-01 5.580510373705327964e+01 2.990460416457121084e+01 nan 4.693304956265548000e+00 1.941039618820757928e+00 1.242304558361785041e-04
6.169800000000000000e+04 7.339660641278138442e-01 4.019696611281335095e+02 5.499478532840665679e+00 6.196719922042959183e+00 6.522802387446680061e-01 5.079259109515894721e+01 2.377885992061223774e+01 nan 4.021560502348908273e+00 1.938232444669982346e+00 1.356488978952936116e-04
6.179800000000000000e+04 7.351867133426448486e-01 3.446263812885401876e+02 5.385314952391713206e+00 5.830102909533373179e+00 6.516061567106925523e-01 4.700078092256435269e+01 1.853688281948723571e+01 nan 3.448174131247110807e+00 1.941684599314386972e+00 1.486223083221256170e-04
6.189800000000000000e+04 7.364530247702737453e-01 2.993986788108788915e+02 5.250836777362182239e+00 5.472858160218276424e+00 6.512078069042371853e-01 4.435548223519899125e+01 1.420246534262317795e+01 nan 2.992954752329967771e+00 1.957381809215813950e+00 1.625460503085694969e-04
6.199800000000000000e+04 7.377502776522621986e-01 2.645882101219817741e+02 5.109307797590259881e+00 5.138478989760115745e+00 6.510677275697709376e-01 4.267149236622592667e+01 1.074604491155399444e+01 nan 2.636318298056564036e+00 1.939368197778997605e+00 1.767315335349787153e-04
6.209800000000000000e+04 7.390642719225393176e-01 2.381119594065499996e+02 4.969291368475843740e+00 4.835041621290002922e+00 6.511581164126275523e-01 4.174570815042086736e+01 8.107176796979828737e+00 9.902302691477775198e+00 2.373973969108324589e+00 1.933845503830298629e+00 1.904700228809777496e-04
6.219800000000000000e+04 7.403835319553291328e-01 2.179037330273798716e+02 4.836447833679994091e+00 4.565961317549700915e+00 6.514432803041749764e-01 4.135119278151688604e+01 6.186579306420411761e+00 7.601789547201046382e+00 2.169002808017715722e+00 1.950913705264395004e+00 1.960302738849013901e-04
6.229800000000000000e+04 7.416991245703929980e-01 2.021945552654553921e+02 4.711065783917733896e+00 4.331138961071808957e+00 6.518882701572014104e-01 4.132446187996511355e+01 4.854878605657190427e+00 5.998727506140804522e+00 2.011925330535466738e+00 1.957052485636241457e+00 1.960170593092747397e-04
6.239800000000000000e+04 7.430040974781600971e-01 1.896172659475767830e+02 4.593451328307403436e+00 4.128079960763183287e+00 6.524561394646085644e-01 4.153864135983376826e+01 3.954959074663825458e+00 4.915153281174005961e+00 1.883946689120115758e+00 1.958886693659914302e+00 1.959946747850161201e-04
6.249800000000000000e+04 7.442939211480442685e-01 1.792518098934560271e+02 4.482171094406857570e+00 3.952944697258284457e+00 6.531126154019835095e-01 4.190960066225484582e+01 3.360199842140688897e+00 4.200662090697727002e+00 1.783376048024207128e+00 1.930710720864754704e+00 1.959659773268378517e-04
6.259800000000000000e+04 7.455658204516547594e-01 1.705280221073564917e+02 4.375770531192989310e+00 3.801596518322007068e+00 6.538276782346279514e-01 4.238494273524260336e+01 2.960373314072800799e+00 3.721793973014967616e+00 1.695193987241158551e+00 1.948443527613763049e+00 1.959329082500635985e-04
6.269800000000000000e+04 7.468184452537721674e-01 1.631143911936242716e+02 4.271598480511615392e+00 3.670172930287988855e+00 6.545772601530885915e-01 4.292635881449324131e+01 2.696215352948156507e+00 3.406483699239875040e+00 1.625317246631935220e+00 1.956123277417294526e+00 1.958982383695759635e-04
6.279800000000000000e+04 7.480517271547352243e-01 1.567767740175353595e+02 4.169027448586247075e+00 3.555337515230319489e+00 6.553408090457507607e-01 4.351051591391415485e+01 2.520295944558241796e+00 3.196738655789679306e+00 1.560722618626581903e+00 1.954425159161921055e+00 1.958631953681308306e-04
6.289800000000000000e+04 7.492664109921991500e-01 1.513279364356080805e+02 4.068089456165246531e+00 3.454329457575433970e+00 6.560989215021871823e-01 4.410892030649831241e+01 2.413317407490300770e+00 3.072772497828225813e+00 1.506975078554804393e+00 1.961016440901600211e+00 1.958289728319243341e-04
6.299800000000000000e+04 7.504636973787193188e-01 1.466794885691139712e+02 3.966654373023768443e+00 3.364923633397500780e+00 6.568400779758296615e-01 4.470986486534292226e+01 2.351205183406601229e+00 3.003347802735757632e+00 1.466513559860258331e+00 1.958328268737802746e+00 1.957957828145016888e-04
6.309800000000000000e+04 7.516447267186623371e-01 1.427652218386849370e+02 3.865621583226319657e+00 3.285359496918378586e+00 6.575520966913731558e-01 4.530883911848093248e+01 2.325333684212812280e+00 2.979948726245699397e+00 1.428111138152220461e+00 1.947221236661150767e+00 1.957631222777531381e-04
6.319800000000000000e+04 7.528104363335191840e-01 1.395756648077077102e+02 3.764065180119656517e+00 3.214243967687335335e+00 6.582273147193098417e-01 4.590295989125716858e+01 2.316317298389536816e+00 2.970940466792034940e+00 1.408564443103630381e+00 1.958772271813780552e+00 1.957292416672673974e-04
6.329800000000000000e+04 7.539614275439130431e-01 1.371049055285059808e+02 3.663837154964354248e+00 3.150475584845309651e+00 6.588561164655818425e-01 4.649724258860660342e+01 2.330422692598791645e+00 2.994020886861856301e+00 1.378031855623719659e+00 1.961655203440656248e+00 1.956961065560081352e-04
6.339800000000000000e+04 7.550985569891054405e-01 1.353327476665996869e+02 3.565816639991695958e+00 3.093138750111508628e+00 6.594301003857314658e-01 4.708963241833365743e+01 2.360819872701843014e+00 3.036676349285820642e+00 1.357586057886769337e+00 1.954641961816170781e+00 1.956628164303677675e-04
6.349700000000000000e+04 7.562109469365976278e-01 1.342649467983026170e+02 3.470058007446074733e+00 3.041499758218882743e+00 6.599478437311125933e-01 4.769031684321267051e+01 2.404792876751148167e+00 3.095512819054612397e+00 1.345339493567366373e+00 1.958636406224332882e+00 1.956289470279085584e-04
6.359700000000000000e+04 7.573213275167764991e-01 1.339039839241772256e+02 3.377312656737121443e+00 2.994958018381022047e+00 6.604090431141524942e-01 4.831089001571060493e+01 2.460364715360423116e+00 3.167875295181250106e+00 1.343697946203132876e+00 1.957173525315094587e+00 1.955939689383972180e-04
6.369700000000000000e+04 7.584182547730862201e-01 1.342420233400414986e+02 3.289360796891733330e+00 2.953015669048688174e+00 6.608138578911124661e-01 4.896179770022366284e+01 2.526251609900866058e+00 3.252248183227549383e+00 1.347401228343188428e+00 1.952118458561237446e+00 1.955576795777562492e-04
6.379700000000000000e+04 7.595013493951998651e-01 1.352569594678438136e+02 3.207681462860551225e+00 2.915255191337228879e+00 6.611645883918481070e-01 4.965035444862294867e+01 2.601585854454095958e+00 3.347556126846761515e+00 1.357368384133215367e+00 1.950388032856780418e+00 1.955203164151495053e-04
6.389700000000000000e+04 7.605700904903778259e-01 1.369021136907809364e+02 3.134162598465057847e+00 2.881321106659752829e+00 6.614641307356861066e-01 5.037812797917396779e+01 2.685559262182633411e+00 3.452693314632120369e+00 1.366506885769272372e+00 1.953769528797542732e+00 1.954811980235885284e-04
6.399700000000000000e+04 7.616240526167495917e-01 1.391142894667285361e+02 3.069282741626246924e+00 2.850901970334724922e+00 6.617189079520096051e-01 5.114718812014924509e+01 2.777732445658763538e+00 3.567144572349906007e+00 1.389472938045848149e+00 1.955403014650359150e+00 1.954408449412936750e-04
6.409700000000000000e+04 7.626628010383249556e-01 1.418222989321907619e+02 3.013508230709855518e+00 2.823726977757368584e+00 6.619373219798097008e-01 5.195021408979975064e+01 2.877598855217181395e+00 3.690243155617616289e+00 1.416822019910988217e+00 1.955995566052971979e+00 1.953997207520789684e-04
6.419700000000000000e+04 7.636861713271163588e-01 1.449341247888804958e+02 2.967380752460323734e+00 2.799553176168225299e+00 6.621267665219259246e-01 5.277610078371170488e+01 2.984587808985692092e+00 3.821284875025746430e+00 1.448119496970672104e+00 1.955950387554189263e+00 1.921483348889698036e-04
6.429700000000000000e+04 7.646942526152596953e-01 1.483453015842101195e+02 2.930906885018525365e+00 2.778162902686066360e+00 6.622948792648858385e-01 5.360828505026852753e+01 3.098076539041111577e+00 3.959510094547430192e+00 1.482317021537455926e+00 1.955458612765767157e+00 1.878203537421016382e-04
6.439700000000000000e+04 7.656874884446792651e-01 1.519444453610435346e+02 2.903650729274505515e+00 2.759360255189631239e+00 6.624499541250462586e-01 5.442469813286643898e+01 3.219846310708045056e+00 4.104771247125633238e+00 1.517786613828142395e+00 1.922053052021928332e+00 1.834709990956641954e-04
6.449700000000000000e+04 7.666665618390245962e-01 1.556122808963611419e+02 2.884803654191751221e+00 2.742967656210254290e+00 6.625986519700940436e-01 5.520724717252659275e+01 3.344159155265068240e+00 4.254491640693444765e+00 1.554241339971383029e+00 1.919894881822374000e+00 1.791619597020641032e-04
6.459700000000000000e+04 7.676326571196343540e-01 1.592432964711478007e+02 2.873405344858206867e+00 2.728822990207510735e+00 6.627458468337572572e-01 5.593251814788130361e+01 3.472865531385639137e+00 4.408874129751383819e+00 1.590328930818168507e+00 1.916787017010049388e+00 1.749600930904489696e-04
6.469700000000000000e+04 7.685872714649110149e-01 1.627457665772100768e+02 2.868403608346394407e+00 2.716783585625917041e+00 6.628941645584998099e-01 5.658554026787501101e+01 3.602212627389182575e+00 4.566339726144746258e+00 1.626183371031639124e+00 1.948840048315819473e+00 1.709361883257837916e-04
6.479700000000000000e+04 7.695321272808048896e-01 1.660602282163068821e+02 2.867993525641236552e+00 2.706728051475455921e+00 6.630506649858450841e-01 5.715534479132874424e+01 3.737731372890666925e+00 4.727816479302544117e+00 1.668142822723748919e+00 1.945648373489908156e+00 1.671625361008945219e-04
6.489700000000000000e+04 7.704690205786809409e-01 1.691443763772579700e+02 2.871603801073257856e+00 2.698550552816780801e+00 6.632170666800671910e-01 5.763196923024551666e+01 3.876212509581988819e+00 4.892205744420740743e+00 1.699038432179178937e+00 1.945342706739981775e+00 1.636978574176476526e-04
6.499700000000000000e+04 7.713998059812539054e-01 1.719737602650704957e+02 2.878330100453130758e+00 2.692160473162478418e+00 6.633941508272791499e-01 5.801737399682833285e+01 4.017223902252600176e+00 5.059001888104966760e+00 1.727442366434841281e+00 1.948901528729694910e+00 1.604109746786573816e-04
6.509700000000000000e+04 7.723262054392445730e-01 1.745488384823047738e+02 2.887173271525796281e+00 2.687481406600074063e+00 6.635829156465824497e-01 5.831647247141111023e+01 4.160709605572100678e+00 5.228142608396288082e+00 1.753367441449922293e+00 1.952107771796118385e+00 1.574715480442900818e-04
6.519700000000000000e+04 7.732497731972858279e-01 1.768921702136296403e+02 2.897370506441443005e+00 2.684448529454813492e+00 6.637836406738950590e-01 5.853961789915788216e+01 4.306832351815717885e+00 5.399825206918998255e+00 1.777046377754425199e+00 1.954390904005674612e+00 1.548828860549169770e-04
6.529700000000000000e+04 7.741718573445920404e-01 1.790408444076172430e+02 2.909497712723196905e+00 2.683005461502027345e+00 6.639929655995547852e-01 5.869760132997553370e+01 4.456187236218879910e+00 5.574750931666568654e+00 1.788372124181390799e+00 1.955102901506489577e+00 1.526332972144259497e-04
6.539700000000000000e+04 7.750934041807008290e-01 1.810466689226351491e+02 2.921572791215686138e+00 2.683104039670822782e+00 6.642133491631316833e-01 5.881026758023566003e+01 4.609149798987286495e+00 5.753515117790950484e+00 1.808551092637752822e+00 1.953704809931203767e+00 1.505641153851266145e-04
6.549700000000000000e+04 7.760150972838866235e-01 1.829618923450175316e+02 2.933525794849171309e+00 2.684700554813149065e+00 6.644441570931196583e-01 5.889257799329541143e+01 4.766705617694770858e+00 5.937160784377836897e+00 1.827861925269028021e+00 1.950019636677834844e+00 1.487190055952178759e-04
6.559700000000000000e+04 7.769373665213185065e-01 1.848336711420723191e+02 2.945328451272025916e+00 2.687755178728509886e+00 6.646840325237601821e-01 5.895766557898718929e+01 4.929922115902314772e+00 6.126942694967647540e+00 1.846775300801758002e+00 1.944233762014023759e+00 1.471122253174730909e-04
6.569700000000000000e+04 7.778604307256148376e-01 1.867036167285228601e+02 2.956948283899575092e+00 2.692232660192968030e+00 6.649315748725439512e-01 5.901588375378290863e+01 5.100082268351959769e+00 6.324370471610185618e+00 1.865704413146441754e+00 1.947831638046167102e+00 1.456945728187478432e-04
6.579700000000000000e+04 7.787843586799115814e-01 1.886077032207683146e+02 2.968371229531471478e+00 2.698103963594213894e+00 6.651853517327036558e-01 5.907486910402122504e+01 5.278672382021098564e+00 6.531186840582126507e+00 1.885004315698848076e+00 1.952636371284824257e+00 1.443611017511139049e-04
6.589700000000000000e+04 7.797091197661275563e-01 1.905777118269809591e+02 2.979600604870424441e+00 2.705348778989304925e+00 6.654439173884432179e-01 5.914006098791653443e+01 5.467386390905343951e+00 6.749397771204876939e+00 1.904986442663592072e+00 1.954807182374931340e+00 1.430184325744782636e-04
6.599700000000000000e+04 7.806346193163712366e-01 1.926431089627716062e+02 2.990655096096827670e+00 2.713958642575268865e+00 6.657058259365736808e-01 5.921533798165470586e+01 5.668148971981497475e+00 6.981345674676289192e+00 1.925937281495571973e+00 1.953568793544975701e+00 1.417729722110666407e-04
6.609700000000000000e+04 7.815607203710279727e-01 1.948326987617422219e+02 3.001568365183551634e+00 2.723940429285111264e+00 6.659696383719678758e-01 5.930355225701472932e+01 5.883158959738821636e+00 7.229445724792042505e+00 1.948134626499502975e+00 1.948723616940004622e+00 1.406070059211412128e-04
6.619700000000000000e+04 7.824872562663779396e-01 1.971758917348002456e+02 3.012389601887209167e+00 2.735320067988849857e+00 6.662339249356271642e-01 5.940689150135517593e+01 6.114954858869875665e+00 7.496620557400730078e+00 1.971859934359482036e+00 1.944572033293419100e+00 1.394903764552770612e-04
6.629700000000000000e+04 7.834140382433772976e-01 1.997037402488877547e+02 3.023184133492704095e+00 2.748146476481587275e+00 6.664972636515558158e-01 5.952709543476780851e+01 6.366506184210739328e+00 7.786273375689361842e+00 1.997408482712129008e+00 1.951791606044995353e+00 1.382529851651510941e-04
6.639700000000000000e+04 7.843408609451425484e-01 2.024499988504723547e+02 3.034033641725535801e+00 2.762495897234590103e+00 6.667582351487226777e-01 5.966558771407279949e+01 6.641337790662102059e+00 8.102504532500796941e+00 2.025100183704402035e+00 1.954907799107128863e+00 1.370817789713249957e-04
6.649700000000000000e+04 7.852675073319858035e-01 2.054524860490117248e+02 3.045036027146670765e+00 2.778477015966051233e+00 6.670154131725876123e-01 5.982358403315650719e+01 6.943699276571332568e+00 8.450212952042750914e+00 2.055294135603300987e+00 1.951726375855133311e+00 1.359739026914422188e-04
6.659700000000000000e+04 7.861937534165486241e-01 2.087550390784370791e+02 3.056305345984622335e+00 2.796237461008110436e+00 6.672673497101049289e-01 6.000222871997740981e+01 7.278798370010587604e+00 8.835188508958045972e+00 2.088410033014650669e+00 1.944514729350134363e+00 1.347833489335039444e-04
6.669700000000000000e+04 7.871193722938251147e-01 2.124103912142775528e+02 3.067972494437668729e+00 2.815972533690007218e+00 6.675125532408567874e-01 6.020280246936397361e+01 7.653126934579260521e+00 9.264789749557834853e+00 2.124959443276265958e+00 1.954004106650665484e+00 1.335697345727835360e-04
6.679700000000000000e+04 7.880441337685731851e-01 2.164843662543073037e+02 3.080187481329025534e+00 2.837937294225427287e+00 6.677494572970842368e-01 6.042703307120701339e+01 8.074921834172913648e+00 9.748583062390496323e+00 2.165589005953409085e+00 1.953789000543522558e+00 1.324287816441115507e-04
6.689700000000000000e+04 7.889677402949862861e-01 2.210616390769379223e+02 3.093123884821342262e+00 2.862462060253297302e+00 6.679763618107144030e-01 6.067751731995741693e+01 8.554794107533504999e+00 1.029839298275008730e+01 2.211129641511671462e+00 1.947241014028575634e+00 1.311819585960058670e-04
6.699700000000000000e+04 7.898899056868867730e-01 2.262520067569682851e+02 3.106685988470114790e+00 2.889978971847248168e+00 6.681919240956071260e-01 6.096083025949197776e+01 9.106353690609546803e+00 1.092964618358951512e+01 2.271771986795382503e+00 1.956291155302759988e+00 1.299220666794176913e-04
6.709700000000000000e+04 7.908102979452953374e-01 2.322197760451564648e+02 3.121174681234435866e+00 2.921056451213888572e+00 6.683947889463883740e-01 6.128021195982376668e+01 9.749194739701348311e+00 1.166463558400490541e+01 2.326435422886676374e+00 1.945917329233137760e+00 1.286853510671696844e-04
6.719700000000000000e+04 7.917288192774409872e-01 2.391743288893576391e+02 3.138442260614910939e+00 2.956459012852400647e+00 6.685789062303955088e-01 6.163454098335253661e+01 1.051232167419238195e+01 1.253169374711960593e+01 2.372895768914510928e+00 1.955356718921047010e+00 1.272953869114689892e-04
6.729700000000000000e+04 7.926452779965382778e-01 2.473990976202468062e+02 3.157488551788889986e+00 2.997245108468374220e+00 6.687429024217537155e-01 6.206241496896959831e+01 1.142377812534499881e+01 1.357071574504871592e+01 2.468175862444751623e+00 1.955248446186873101e+00 1.259346578459080278e-04
6.739700000000000000e+04 7.935588715212011923e-01 2.573657713416605475e+02 3.178443426453703147e+00 3.044859379566098756e+00 6.688852062955195077e-01 6.257159174841624605e+01 1.254064866309836290e+01 1.484178120679170299e+01 2.565315848008045574e+00 1.951123272466775083e+00 1.244200682263796288e-04
6.749700000000000000e+04 7.944690319162637238e-01 2.697280586387631729e+02 3.202815293491133364e+00 3.101391621994031400e+00 6.689991041291767360e-01 6.320533018378399248e+01 1.393781035760331477e+01 1.642875915139808995e+01 2.689836049512349003e+00 1.951754174342323678e+00 1.227718460952039706e-04
6.759700000000000000e+04 7.953746516052543347e-01 2.855124417217754171e+02 3.231122255242285135e+00 3.169897265256456098e+00 6.690802807391891260e-01 6.403022384058601801e+01 1.572786132645592971e+01 1.845725315476854078e+01 2.854843710887394970e+00 1.957729121585650045e+00 1.209869188038518323e-04
6.769700000000000000e+04 7.962744102028443960e-01 3.063149607135954398e+02 3.265471668570587571e+00 3.255031589873359277e+00 6.691202450138397095e-01 6.513282543403961711e+01 1.808397402122851005e+01 nan 3.061684718546731965e+00 1.967592978427775252e+00 1.189518789368636866e-04
6.779700000000000000e+04 7.971661346510640067e-01 3.346139209791149369e+02 3.308603443897480290e+00 3.364029194391443323e+00 6.691084404707468014e-01 6.667700502746539826e+01 2.126398051765676911e+01 nan 3.345995016991897941e+00 1.964121241604856127e+00 1.165736632563787979e-04
6.789700000000000000e+04 7.980467902397254676e-01 3.742345248292995166e+02 3.364980112264013723e+00 3.508441337089649004e+00 6.690292898273546562e-01 6.891112973737887160e+01 2.564416967260351043e+01 nan 3.742238537189777059e+00 1.972251863025038965e+00 1.137951635794026315e-04
6.799700000000000000e+04 7.989121106093448610e-01 4.305830645776462120e+02 3.441220562278254125e+00 3.706719799587833819e+00 6.688611173310961000e-01 7.219929038589482673e+01 3.171211229455230907e+01 nan 4.310261040011624800e+00 1.981170039519380532e+00 1.103596041611833400e-04
6.809700000000000000e+04 7.997564062458895062e-01 5.097076537550524904e+02 3.546662105509970520e+00 3.986992622078881610e+00 6.685738497327146090e-01 7.695767514186221092e+01 3.991438037003813832e+01 nan 5.119831933602134733e+00 1.979951282716915228e+00 1.060822333982559546e-04
6.819700000000000000e+04 8.005737908228656163e-01 6.142263069076682314e+02 3.693960594239819706e+00 4.386159258223842450e+00 6.681243339010112248e-01 8.329155914819682494e+01 5.021188052596077256e+01 nan 6.165502300281721304e+00 1.984912937875921823e+00 1.012981803358969907e-04
6.829700000000000000e+04 8.013606670466844051e-01 7.352278900050800985e+02 3.892133060084088214e+00 4.932532251599997863e+00 6.674567484682210061e-01 9.045618532012470325e+01 6.133625838111356643e+01 nan 7.371507771560566802e+00 1.982148102495040254e+00 9.646430360613050109e-05
6.839700000000000000e+04 8.021195842278182608e-01 8.479797781023377183e+02 4.139383737782888595e+00 5.600428449896222460e+00 6.665169644203818855e-01 9.658611742608871964e+01 7.059741755605764979e+01 nan 8.513750890041851704e+00 1.978632373361678409e+00 9.264296822150780929e-05
6.849700000000000000e+04 8.028608421827354569e-01 9.235744145650813834e+02 4.419857414292312825e+00 6.277806926497296658e+00 6.652830073456953430e-01 9.962683804257468978e+01 7.539166453916675437e+01 nan 9.215004406296191775e+00 1.960273678258413366e+00 9.065894545121400724e-05
6.859700000000000000e+04 8.035997574828738221e-01 9.476084386585069979e+02 4.704556116784506692e+00 6.829694575970554737e+00 6.637982205551764547e-01 9.899400733601962088e+01 7.507753107406708182e+01 nan 9.542700640894086206e+00 1.970290969502163314e+00 9.070067609748391551e-05
6.869700000000000000e+04 8.043516061352848912e-01 9.250977290237649413e+02 4.960530158048824134e+00 7.190237987290165833e+00 6.621652907158408485e-01 9.515822614505430010e+01 7.088876252640186237e+01 nan 9.341367793605822811e+00 1.949667881203247966e+00 9.206810578493717940e-05
6.879700000000000000e+04 8.051335881584094079e-01 8.690081897052793920e+02 5.183637166986962086e+00 7.364206948956764975e+00 6.604510154848211023e-01 8.917421384079479196e+01 6.452864579424958436e+01 nan 8.783877479218059392e+00 1.972773159417679834e+00 9.460892532461432139e-05
6.889700000000000000e+04 8.059618247990034678e-01 7.921250700299722212e+02 5.365194559264560681e+00 7.381961411193879385e+00 6.587276403585847762e-01 8.199056164488196430e+01 5.716790095803548866e+01 nan 8.005442889844482934e+00 1.967297752292580970e+00 9.798226274559787335e-05
6.899700000000000000e+04 8.068504664879398991e-01 7.044080014722567284e+02 5.498066086844643152e+00 7.273945115216269741e+00 6.570587406477874648e-01 7.434509542011194583e+01 4.946048352800559655e+01 nan 7.107519914719868659e+00 1.972304709463031935e+00 1.026676475787204361e-04
6.909700000000000000e+04 8.078103896092447833e-01 6.137022525261539840e+02 5.575860635243678587e+00 7.065796559383780817e+00 6.555063261820741616e-01 6.683726358683836111e+01 4.181855931622634159e+01 nan 6.175942921280364040e+00 1.978831530246592640e+00 1.090331738298131039e-04
6.919700000000000000e+04 8.088470670750770308e-01 5.267296776554753706e+02 5.594554753527937407e+00 6.781308241145595161e+00 6.541351830193993244e-01 5.997168763891837528e+01 3.454719718621457503e+01 nan 5.275030558221248889e+00 1.939081460856864059e+00 1.172863902678651453e-04
6.929700000000000000e+04 8.099603729140637531e-01 4.485013963220285405e+02 5.558731786635746630e+00 6.444870826589480295e+00 6.529930492513690288e-01 5.409993050928777336e+01 2.786947477486984681e+01 nan 4.487194132155169157e+00 1.940596644323851816e+00 1.274841593064762963e-04
6.939700000000000000e+04 8.111413881170018714e-01 3.824117932338351693e+02 5.467168458429246591e+00 6.082263654541476328e+00 6.521273031708352264e-01 4.946033571744091262e+01 2.201203977825202784e+01 nan 3.826625465314309693e+00 1.935986078678554767e+00 1.395661748935928112e-04
6.949700000000000000e+04 8.123782578775066154e-01 3.289803824005629167e+02 5.344676275349118377e+00 5.716294422186403601e+00 6.515404763439828217e-01 4.604383449670250172e+01 1.705236716897313798e+01 nan 3.290488231167862487e+00 1.937119773604247808e+00 1.529519447232701736e-04
6.959700000000000000e+04 8.136560615129158069e-01 2.872434153843360036e+02 5.206479873619032972e+00 5.364709387268396412e+00 6.512256764539376963e-01 4.371826223731834915e+01 1.299883440331812956e+01 nan 2.863615081097464987e+00 1.959740084835829732e+00 1.669286847585598301e-04
6.969700000000000000e+04 8.149601747479516822e-01 2.552835711109007661e+02 5.064646398189690757e+00 5.039177465452757687e+00 6.511612644732823751e-01 4.230559347019006822e+01 9.806572003393274173e+00 nan 2.545014077060008262e+00 1.939286162842784655e+00 1.809800786901614208e-04
6.979700000000000000e+04 8.162770526196754250e-01 2.310119088466079802e+02 4.926328343277632804e+00 4.746217990108762663e+00 6.513170800931488147e-01 4.157107380859483214e+01 7.409975836959930895e+00 9.067355079713511401e+00 2.301370911956571064e+00 1.932718847731666800e+00 1.943923469280116464e-04
6.989700000000000000e+04 8.175961178023608555e-01 2.124051781480361001e+02 4.795669118468484982e+00 4.487991553189195848e+00 6.516564491047586172e-01 4.130964214436146165e+01 5.693258019430191830e+00 7.008498859978331552e+00 2.113737263457339921e+00 1.952675966591646661e+00 1.960269379052506124e-04
6.999700000000000000e+04 8.189090512504473285e-01 1.978142855191726142e+02 4.672768219344559881e+00 4.263512220073226722e+00 6.521440092217529738e-01 4.137179903560625860e+01 4.516669425672594329e+00 5.591602922613068571e+00 1.968213257627485557e+00 1.957532391140989425e+00 1.960104777965877376e-04
7.009700000000000000e+04 8.202096684961568407e-01 1.860147355249720249e+02 4.557440013176782045e+00 4.069711518195449074e+00 6.527429280925096666e-01 4.164230066650488737e+01 3.726832048770223782e+00 4.640812528822168659e+00 1.848443813697048022e+00 1.957864096917411922e+00 1.959859249435689219e-04
7.019700000000000000e+04 8.214940702624539126e-01 1.762192311211269384e+02 4.447552230241760718e+00 3.902547853963160840e+00 6.534210059325963327e-01 4.205415222084463522e+01 3.206312653035344518e+00 4.016215633113818129e+00 1.749209701316039034e+00 1.938236969804181031e+00 1.959553947306363507e-04
7.029700000000000000e+04 8.227599448522603387e-01 1.679332974098216482e+02 4.342171868046031946e+00 3.757911470335178805e+00 6.541485749974564889e-01 4.255461397864218753e+01 2.856805669205050080e+00 3.597902761381372994e+00 1.667203226646918779e+00 1.946114385296936700e+00 1.959215997179058664e-04
7.039700000000000000e+04 8.240063949797109544e-01 1.608848932995301766e+02 4.237905366331120582e+00 3.632086482266951410e+00 6.549045704689603342e-01 4.311069455056239974e+01 2.621611972699689375e+00 3.315829070835932146e+00 1.605037271915444874e+00 1.950169874794902114e+00 1.958868219589095336e-04
7.049700000000000000e+04 8.252336552257080182e-01 1.548374202487368620e+02 4.136221850253592791e+00 3.521913958241154496e+00 6.556668590784205941e-01 4.370233360873679374e+01 2.474801726367079180e+00 3.143406159103544706e+00 1.541523486756443129e+00 1.959663539128159826e+00 1.958518154484933222e-04
7.059700000000000000e+04 8.264426663733814848e-01 1.496460053893935083e+02 4.035321357240054141e+00 3.424807471650551438e+00 6.564196017549221995e-01 4.430256483907943021e+01 2.384264433700917341e+00 3.039428235101596876e+00 1.490466345699126949e+00 1.954165355221282985e+00 1.958179672909479002e-04
7.069700000000000000e+04 8.276346573117804306e-01 1.452366870858334096e+02 3.933532270413159448e+00 3.338697708665453234e+00 6.571519481763328230e-01 4.490346152296966409e+01 2.334073003627459730e+00 2.984504892657877662e+00 1.452361785918248938e+00 1.959254491843055224e+00 1.957849756457709952e-04
7.079700000000000000e+04 8.288107241343088960e-01 1.415478603974707426e+02 3.832634991484066944e+00 3.261949174968894916e+00 6.578514174444604068e-01 4.550026891543827645e+01 2.316246841857607208e+00 2.970229782462379564e+00 1.415518970507294583e+00 1.949245770018632085e+00 1.957522702703320126e-04
7.089700000000000000e+04 8.299716159314289854e-01 1.385949630303701952e+02 3.730521315503202207e+00 3.193275581867649038e+00 6.585126744714939750e-01 4.609673619746777007e+01 2.314825886643478992e+00 2.971072716562487503e+00 1.397883467252222456e+00 1.953978933716337130e+00 1.957182345531224745e-04
7.099700000000000000e+04 8.311180962907529501e-01 1.363461578883324137e+02 3.631153183244816063e+00 3.131635095663358737e+00 6.591224809178259925e-01 4.668932750132140796e+01 2.334625176032403715e+00 3.000933081906241640e+00 1.369573270215411531e+00 1.961896336048045697e+00 1.956850806239758599e-04
7.109700000000000000e+04 8.322508612180560261e-01 1.348011396700769353e+02 3.533666226966254875e+00 3.076176269443298583e+00 6.596771426558115659e-01 4.728358351164899176e+01 2.369803128476441589e+00 3.049375650025296647e+00 1.351758185123212108e+00 1.954128009572656755e+00 1.956516442310162450e-04
7.119700000000000000e+04 8.333702609558047980e-01 1.339618470166541329e+02 3.438730088274330132e+00 3.026210625178090918e+00 6.601750428145071181e-01 4.788951901748934148e+01 2.417825340759220953e+00 3.112968054788219696e+00 1.344529379419486803e+00 1.959048298028020607e+00 1.956174264299227663e-04
7.129700000000000000e+04 8.344763153943703937e-01 1.338304980439569078e+02 3.347147981061206590e+00 2.981174163436373981e+00 6.606166139944180671e-01 4.851927143136917664e+01 2.476910426355964923e+00 3.189390623821175108e+00 1.343086615102822012e+00 1.955643354158807412e+00 1.955820848252072411e-04
7.139700000000000000e+04 8.355688249735890860e-01 1.343933782031415376e+02 3.260972323367677284e+00 2.940595843213704264e+00 6.610020367169597844e-01 4.918239073435786679e+01 2.546024061111822334e+00 3.277559880268222425e+00 1.349172965261685952e+00 1.950125990790751329e+00 1.955453213432195158e-04
7.149700000000000000e+04 8.366473152198578012e-01 1.356231413567697928e+02 3.181531161034551580e+00 2.904081263252266343e+00 6.613345345506610462e-01 4.988527671151429388e+01 2.624310473090130547e+00 3.376262595991557536e+00 1.361431686385559781e+00 1.951971016072203691e+00 1.955074391053512385e-04
7.159700000000000000e+04 8.377113289045066136e-01 1.374632961687367185e+02 3.110899034036961552e+00 2.871288771276317320e+00 6.616166477804864554e-01 5.062607970952253567e+01 2.711048296074528796e+00 3.484555539738037222e+00 1.372326094443535149e+00 1.954635386345242143e+00 1.954679995603038616e-04
7.169700000000000000e+04 8.387603697423272608e-01 1.398520348597705265e+02 3.048808261038181033e+00 2.841922709341411224e+00 6.618572882295951088e-01 5.140862786689746855e+01 2.805831312763349406e+00 3.601964849799842661e+00 1.396992615271193117e+00 1.955831030990235142e+00 1.954272613893131866e-04
7.179700000000000000e+04 8.397940958184105797e-01 1.427096331880923969e+02 2.996101560359504035e+00 2.815721241441249134e+00 6.620638925970150357e-01 5.222224825402360437e+01 2.908128652184912788e+00 3.727799489148367229e+00 1.425802823660587082e+00 1.956160768603040001e+00 1.949985263999685014e-04
7.189700000000000000e+04 8.408124080154819602e-01 1.459392799796643203e+02 2.953122144964068774e+00 2.792450073288502033e+00 6.622440303392886918e-01 5.305405322849145477e+01 3.017348569843543160e+00 3.861332684302060336e+00 1.458239779373627032e+00 1.955945779050107802e+00 1.907133593643135772e-04
7.199700000000000000e+04 8.418155054405912496e-01 1.494344262130505854e+02 2.919729438171504654e+00 2.771898485185334771e+00 6.624054548750063498e-01 5.388405381204692901e+01 3.135282428089104290e+00 4.002633318578691757e+00 1.492852327035454785e+00 1.923240124671530715e+00 1.863687868660287574e-04
7.209700000000000000e+04 8.428039293438885915e-01 1.530753194052067556e+02 2.895318500113909899e+00 2.753876852488776894e+00 6.625568992703394500e-01 5.469516579234927889e+01 3.256258462188982961e+00 4.148761929626036071e+00 1.529044535723143028e+00 1.921770027941489989e+00 1.820222094955146043e-04
7.219700000000000000e+04 8.437784781248428567e-01 1.567498943902671726e+02 2.879059849696322892e+00 2.738211554377275370e+00 6.627031472945991153e-01 5.546277936221552096e+01 3.382083954264137216e+00 4.300113077056735733e+00 1.565562085177477414e+00 1.919288474171647163e+00 1.777353638359160037e-04
7.229700000000000000e+04 8.447405001371649513e-01 1.603529506517549521e+02 2.869905788164058613e+00 2.724746643335605789e+00 6.628494657601643469e-01 5.616964519816370682e+01 3.508876209628944309e+00 4.454811380574319912e+00 1.602310969007755714e+00 1.950678138634868164e+00 1.735790230245533327e-04
7.239700000000000000e+04 8.456915826750952547e-01 1.638059890245126269e+02 2.866766602532976549e+00 2.713345662502294253e+00 6.629983971950182964e-01 5.679364341793432658e+01 3.642430396583093533e+00 4.614368063470073444e+00 1.636775668710791720e+00 1.948020304747553499e+00 1.696260140314115631e-04
7.249700000000000000e+04 8.466334396681245433e-01 1.670534696044895497e+02 2.867684403598589782e+00 2.703893182990452004e+00 6.631571499093541489e-01 5.733559336501578940e+01 3.778833308789264045e+00 4.776707445379230421e+00 1.678079158648486224e+00 1.944577190044598503e+00 1.659441319009735509e-04
7.259700000000000000e+04 8.475679544050835901e-01 1.700584657895707323e+02 2.872493344340649735e+00 2.696287874647408600e+00 6.633258409113771403e-01 5.778253020415384356e+01 3.918073608094801319e+00 4.941811717005093030e+00 1.708197442061746729e+00 1.946366468419086226e+00 1.625390980429170570e-04
7.269700000000000000e+04 8.484969353026645678e-01 1.728051664709533952e+02 2.880065644366559319e+00 2.690444008080416616e+00 6.635057056965729672e-01 5.813896746208526167e+01 4.059776358226860893e+00 5.109243546070125319e+00 1.735791497229907776e+00 1.949889062071026524e+00 1.593608324337199018e-04
7.279700000000000000e+04 8.494220634362110722e-01 1.753013880313088748e+02 2.889480420708641084e+00 2.686289054825218514e+00 6.636974842153101628e-01 5.841165186221044081e+01 4.203951568864407129e+00 5.279019336337928969e+00 1.760947348295528903e+00 1.952899805224290075e+00 1.565356906770406977e-04
7.289700000000000000e+04 8.503448244221908370e-01 1.775767150047725806e+02 2.900286617559310276e+00 2.683761187674180704e+00 6.639007719264824470e-01 5.861128810998346950e+01 4.350992028325340044e+00 5.451601072304117501e+00 1.773657288578098346e+00 1.954799884575522562e+00 1.540593670084770318e-04
7.299700000000000000e+04 8.512664740026768539e-01 1.796694215141331199e+02 2.912620379291522621e+00 2.682806363027157914e+00 6.641125697050977994e-01 5.875212966708681250e+01 4.501128484894380222e+00 5.627317157021954230e+00 1.794679112496303741e+00 1.954925862340210818e+00 1.519154238273389182e-04
7.309700000000000000e+04 8.521878449357606078e-01 1.816370003808155502e+02 2.924704405563436804e+00 2.683378192927463157e+00 6.643357879765299234e-01 5.885238881943551803e+01 4.655238187061986999e+00 5.807272015566066869e+00 1.814486706420414430e+00 1.952853020646979854e+00 1.498839748132389609e-04
7.319700000000000000e+04 8.531095449714729551e-01 1.835291496646856899e+02 2.936650570520912495e+00 2.685433918643132856e+00 6.645690520679903290e-01 5.892678080167833343e+01 4.814225550866619407e+00 5.992440682654548212e+00 1.833577892978361046e+00 1.948516023762083771e+00 1.481230406196120623e-04
7.329700000000000000e+04 8.540319285022888174e-01 1.853915737183409931e+02 2.948425481456006469e+00 2.688934816275597939e+00 6.648109833603990104e-01 5.898763745071133968e+01 4.979227355310626990e+00 6.184163697194370535e+00 1.852408143602167989e+00 1.943372632654907894e+00 1.465847192662283419e-04
7.339700000000000000e+04 8.549551583466210580e-01 1.872640644709300659e+02 2.960003746962745375e+00 2.693847115048638496e+00 6.650601627416198314e-01 5.904442937700584793e+01 5.151589938709201455e+00 6.384023812863446778e+00 1.871371887296689129e+00 1.949465489750235037e+00 1.452207537674986629e-04
7.349700000000000000e+04 8.558792650091733289e-01 1.891810722036493075e+02 2.971378157720112601e+00 2.700143947891469942e+00 6.653151468833098381e-01 5.910402725857833417e+01 5.332861501724269537e+00 6.593834280011110494e+00 1.890808430148709585e+00 1.953590250782997417e+00 1.438720729365368497e-04
7.359700000000000000e+04 8.568041926833038779e-01 1.911734311437263898e+02 2.982557873408831828e+00 2.707808086888786825e+00 6.655744851422191743e-01 5.917130479527335751e+01 5.524801810276605885e+00 6.815721965436871699e+00 1.911019232578749616e+00 1.954822847731445989e+00 1.425652742224045913e-04
7.369700000000000000e+04 8.577298297438432639e-01 1.932702205639463386e+02 2.993567044023413004e+00 2.716835199731939099e+00 6.658367305141597026e-01 5.924976334096058395e+01 5.729411240548614614e+00 7.052021756465272517e+00 1.932286352675436580e+00 1.952524449527337280e+00 1.413488506126459011e-04
7.379700000000000000e+04 8.586560269873737550e-01 1.955002776519585268e+02 3.004444845068054093e+00 2.727237412283701090e+00 6.661004450184027093e-01 5.934200976249199755e+01 5.948980521902210050e+00 7.305296817472834547e+00 1.954887266547947533e+00 1.946691388221455599e+00 1.402074616625279707e-04
7.389700000000000000e+04 8.595826082965299930e-01 1.978933470770172107e+02 3.015246093586206655e+00 2.739047070749930590e+00 6.663642007696517489e-01 5.945006175952192962e+01 6.186163335023842968e+00 7.578597955704941214e+00 1.979106048840265197e+00 1.946943897907865262e+00 1.390509494871421136e-04
7.399700000000000000e+04 8.605093774953144203e-01 2.004810820090152106e+02 3.026041718572112238e+00 2.752320754605876552e+00 6.666265773675434936e-01 5.957552850320132620e+01 6.444076364794457668e+00 7.875492382936551294e+00 2.005243276301276190e+00 1.953223158827278372e+00 1.378363375482062776e-04
7.409700000000000000e+04 8.614361237138020710e-01 2.032981659023255929e+02 3.036918823023788683e+00 2.767143779825054217e+00 6.668861554378635592e-01 5.971973008810535788e+01 6.726435284682347415e+00 8.200354821562321206e+00 2.033627637121555587e+00 1.954699101191711641e+00 1.366865039159095819e-04
7.419700000000000000e+04 8.623626263405440584e-01 2.063838279579580046e+02 3.047980514159539300e+00 2.783635636452476358e+00 6.671415055666944927e-01 5.988381232900848516e+01 7.037740562828761703e+00 8.558248189871694223e+00 2.064632280579306922e+00 1.949517830231105808e+00 1.355990637638350600e-04
7.429700000000000000e+04 8.632886596371863730e-01 2.097840444030576919e+02 3.059346002606142534e+00 2.801957027813756884e+00 6.673911714471090217e-01 6.006890396126498644e+01 7.383534494286969618e+00 8.955395185394431579e+00 2.098698941970702503e+00 1.947869810122792478e+00 1.343590713297183826e-04
7.439700000000000000e+04 8.642139962863785163e-01 2.135547671809541441e+02 3.071151685599891490e+00 2.822319449903861077e+00 6.676336456262093044e-01 6.027635426032313859e+01 7.770761747283550847e+00 9.399699106118255543e+00 2.136372681450875444e+00 1.955209031266161857e+00 1.331684770780165738e-04
7.449700000000000000e+04 8.651383943963633083e-01 2.177665519386233655e+02 3.083553970740008587e+00 2.844998253369880103e+00 6.678673317530146036e-01 6.050807681800384330e+01 8.208275619292752623e+00 9.901402627449074956e+00 2.178348025247746289e+00 1.951280571965315014e+00 1.320509237644593061e-04
7.459700000000000000e+04 8.660615471390276099e-01 2.225110475292564729e+02 3.096735336961834228e+00 2.870350302039203161e+00 6.680904853786360231e-01 6.076701480562176272e+01 8.707546453785505847e+00 1.047323385858780576e+01 2.225517923750534255e+00 1.951391172863544243e+00 1.307461462358623118e-04
7.469700000000000000e+04 8.669831536709444730e-01 2.279106051002736990e+02 3.110270727441705851e+00 2.898843117475198738e+00 6.683025196342020635e-01 6.106107997414618183e+01 9.283453933413431614e+00 1.113220726063986987e+01 2.287024687393337974e+00 1.955263153358449246e+00 1.295156333279635821e-04
7.479700000000000000e+04 8.679029343729041113e-01 2.341388397799621828e+02 3.125555377419976466e+00 2.931096765315881481e+00 6.684996510135746695e-01 6.139225644029897921e+01 9.957242831350388457e+00 1.190224540120376773e+01 2.343857875869725049e+00 1.951611915269938269e+00 1.282097815724074930e-04
7.489700000000000000e+04 8.688208642122497993e-01 2.414279562130586783e+02 3.143820701912531490e+00 2.967948738862114411e+00 6.686768112325862656e-01 6.176097041342998750e+01 1.076034277511097237e+01 1.281448335497209534e+01 2.397814671789619823e+00 1.952221502857358626e+00 1.268608302950654100e-04
7.499700000000000000e+04 8.697364615126126353e-01 2.501093838636545570e+02 3.162957408771704948e+00 3.010555147109017504e+00 6.688351118939062090e-01 6.221171125870299079e+01 1.172569577864972956e+01 1.391450825252656109e+01 2.494142315382334552e+00 1.957956248390702481e+00 1.254199954325400121e-04
7.509700000000000000e+04 8.706490827111739161e-01 2.606949889450375508e+02 3.184931150389744836e+00 3.060523691525014467e+00 6.689690127426576316e-01 6.275228784854537878e+01 1.291535412341615086e+01 1.526771830081418813e+01 2.596744215535481182e+00 1.958291494392557786e+00 1.239636539679577138e-04
7.519700000000000000e+04 8.715579803555238980e-01 2.739292833054917651e+02 3.210245631382763420e+00 3.120180435884142067e+00 6.690736176685727621e-01 6.343306932681760202e+01 1.441352951471503552e+01 1.696836372292602135e+01 2.732782472785820094e+00 1.960274377838121973e+00 1.222378416349425407e-04
7.529700000000000000e+04 8.724619569360582139e-01 2.909810387583489728e+02 3.240022363842255615e+00 3.192965780583188362e+00 6.691433178899970358e-01 6.432595568979634493e+01 1.634736419696278276e+01 nan 2.908034760586496681e+00 1.965212032418994337e+00 1.203676298392360449e-04
7.539700000000000000e+04 8.733595985334110523e-01 3.136665867575089237e+02 3.276661812699283249e+00 3.284174091072522117e+00 6.691688362541962087e-01 6.553920366494033090e+01 1.891349730925893269e+01 nan 3.136714137350630871e+00 1.963268524274012217e+00 1.182544576902390713e-04
7.549700000000000000e+04 8.742483828091951459e-01 3.448132223938414427e+02 3.323122550968690803e+00 3.402074518587255181e+00 6.691387605298413366e-01 6.725445483825966164e+01 2.240012296758823851e+01 nan 3.447941925178110267e+00 1.973230558656661415e+00 1.158328216478916363e-04
7.559700000000000000e+04 8.751250219903079497e-01 3.887091873166025380e+02 3.384514304576253352e+00 3.559946133887272879e+00 6.690356913886454926e-01 6.975441723735208654e+01 2.722156247214806868e+01 nan 3.887385738206677210e+00 1.977467124855644132e+00 1.127538190887868505e-04
7.569700000000000000e+04 8.759847846633769253e-01 4.511536513761915330e+02 3.468172162496758304e+00 3.778838042797643126e+00 6.688359112191044620e-01 7.343348209725535014e+01 3.388039102085545551e+01 nan 4.518978398016614939e+00 1.973703114062560271e+00 1.090908057196859308e-04
7.579700000000000000e+04 8.768217031510761039e-01 5.378273926101712732e+02 3.584491871092869708e+00 4.089935260383464666e+00 6.685058776190584418e-01 7.866308769664415479e+01 4.274546824537495837e+01 nan 5.392977462931127342e+00 1.978802522836251354e+00 1.047145617232180843e-04
7.589700000000000000e+04 8.776302341350631364e-01 6.488687354878860560e+02 3.746044137169143973e+00 4.530686908574907079e+00 6.679984674434639169e-01 8.539374096783062384e+01 5.349224851952394744e+01 nan 6.520225830629994945e+00 1.978985344318672679e+00 9.983385965336261884e-05
7.599700000000000000e+04 8.784082727281564695e-01 7.707022911000212844e+02 3.959725377028694204e+00 5.119445479773172103e+00 6.672552373367628409e-01 9.248421474200803516e+01 6.440126761615294981e+01 nan 7.730388321561067144e+00 1.978278791696062910e+00 9.519877243636314188e-05
7.609700000000000000e+04 8.791604745199032012e-01 8.752809870839311088e+02 4.218535137205842389e+00 5.805199322539554174e+00 6.662294246542539433e-01 9.789815264996929045e+01 7.256682815899927164e+01 nan 8.791300560723357194e+00 1.978853660365513578e+00 9.178734887481480040e-05
7.619700000000000000e+04 8.798993012254753276e-01 9.363856932404621602e+02 4.504155953577797078e+00 6.458260496475485724e+00 6.649126584830948872e-01 9.983286827130845609e+01 7.582832763404074683e+01 nan 9.337331234303972494e+00 1.959735805785771889e+00 9.043176070746971479e-05
7.629700000000000000e+04 8.806401989871744940e-01 9.456544282888226007e+02 4.781875364186727317e+00 6.957191009871482201e+00 6.633755560475688151e-01 9.818551513256988983e+01 7.421050812278409126e+01 nan 9.535253511974627116e+00 1.959914883185771117e+00 9.095602749168964435e-05
7.639700000000000000e+04 8.813990882831240770e-01 9.118136163784204200e+02 5.030075880404175415e+00 7.260852377746257247e+00 6.617090301659602769e-01 9.360594984906424543e+01 6.920380137148836752e+01 nan 9.211602960485901548e+00 1.945440172052796735e+00 9.263777194756092821e-05
7.649700000000000000e+04 8.821928965057518335e-01 8.483880505610395630e+02 5.241873540528185771e+00 7.385600625235211325e+00 6.599843723548523000e-01 8.716999508975742117e+01 6.245290025307406268e+01 nan 8.566554407345858380e+00 1.976023812786385170e+00 9.540847226213406763e-05
7.659700000000000000e+04 8.830373987999389218e-01 7.673205054324550929e+02 5.409789860234541337e+00 7.363468848880291517e+00 6.582702929283631432e-01 7.978113353056636470e+01 5.493781225973027915e+01 nan 7.753551166867689304e+00 1.960488036777347620e+00 9.921957839831992111e-05
7.669700000000000000e+04 8.839459440681775027e-01 6.779154779055080553e+02 5.527323919230777705e+00 7.223452507960095303e+00 6.566276653306315492e-01 7.211353576333156923e+01 4.720682592246641462e+01 nan 6.834820231406913749e+00 1.968088233419949429e+00 1.043510237740391652e-04
7.679700000000000000e+04 8.849280647160867597e-01 5.876072210837800185e+02 5.587531198277055466e+00 6.990259429451591622e+00 6.551217863476398451e-01 6.474192994160142689e+01 3.963383650596527019e+01 nan 5.911964362948548768e+00 1.959456366643593128e+00 1.111656489138617560e-04
7.689700000000000000e+04 8.859875884016760184e-01 5.027072031721439771e+02 5.591581558205932723e+00 6.687708664622020294e+00 6.538112685127988044e-01 5.811148826087158881e+01 3.251665532559712091e+01 nan 4.997839682118504712e+00 1.936223582385428355e+00 1.199767955233635783e-04
7.699700000000000000e+04 8.871218525492364781e-01 4.277871328705678593e+02 5.536142152419689211e+00 6.340764763430199125e+00 6.527482207345373100e-01 5.260855898248387064e+01 2.605775641742836868e+01 nan 4.281549351486001243e+00 1.939373216281429890e+00 1.309360041049284821e-04
7.709700000000000000e+04 8.883207116773386147e-01 3.654040766501591406e+02 5.433898783398254828e+00 5.974797768659804831e+00 6.519635613771005422e-01 4.833351458037473947e+01 2.045597411976853053e+01 nan 3.656908231193968906e+00 1.929794705239258557e+00 1.432822063133819344e-04
7.719700000000000000e+04 8.895712047162399605e-01 3.155452881569199803e+02 5.305299131352943398e+00 5.611303058495295204e+00 6.514576137217128471e-01 4.525549047798691760e+01 1.576237626558766713e+01 nan 3.154665099527606209e+00 1.944934632582615563e+00 1.568715927135246600e-04
7.729700000000000000e+04 8.908582764077060956e-01 2.768961235547010915e+02 5.164505853419458781e+00 5.266253527200911222e+00 6.512192032010433174e-01 4.321731768855755718e+01 1.196633334680279681e+01 nan 2.758191765064260004e+00 1.942845972636730645e+00 1.710120933006873073e-04
7.739700000000000000e+04 8.921674683467354372e-01 2.474057020777332809e+02 5.023225829475982174e+00 4.949710460245634991e+00 6.512225753889081536e-01 4.202845906801599796e+01 9.016507090548179448e+00 1.099037260119277626e+01 2.468182919085094795e+00 1.939714783775743356e+00 1.850018177196001347e-04
7.749700000000000000e+04 8.934860023526330908e-01 2.249927445468649125e+02 4.887240786845118201e+00 4.666812591760344020e+00 6.514356796261728810e-01 4.145286907574875812e+01 6.834744590126451413e+00 8.377226182644433194e+00 2.239679463014907057e+00 1.934095487175561567e+00 1.960311588186286794e-04
7.759700000000000000e+04 8.948040899210518706e-01 2.077209035781118871e+02 4.758659215789362129e+00 4.418662575309614482e+00 6.518223747729904316e-01 4.130038902591974903e+01 5.292885650905938100e+00 6.526574579929815378e+00 2.066837534445186808e+00 1.951895052443055834e+00 1.960230085289217130e-04
7.769700000000000000e+04 8.961139627186903711e-01 1.940565617976855037e+02 4.638002303378739200e+00 4.203553717207270779e+00 6.523462843466751870e-01 4.143428818940640923e+01 4.245433699839638031e+00 5.265048444609789158e+00 1.930774283503020383e+00 1.956150271121288142e+00 1.960037967887862229e-04
7.779700000000000000e+04 8.974101585688679661e-01 1.829094629852797880e+02 4.524556410227405401e+00 4.018001753445010316e+00 6.529712791262254346e-01 4.175104252623251710e+01 3.545456109443288373e+00 4.422767915966709928e+00 1.817796566992929241e+00 1.952959372220485434e+00 1.959773282505307987e-04
7.789700000000000000e+04 8.986893125176119712e-01 1.735921402673384932e+02 4.416386072323784440e+00 3.857869113513283654e+00 6.536662814342755201e-01 4.219374478346495749e+01 3.084677237937968108e+00 3.870554021695213009e+00 1.725182178121841714e+00 1.944680543970226161e+00 1.959455031965818639e-04
