5.779100000000000000e+04 5.017752969988239498e-01 2.112250077866132187e+02 3.364645403830239356e+00 2.862647838210876650e+00 7.008175054129783810e-01 9.156945016393812864e+01 2.180133064136557053e+00 3.052343799341703967e+00 2.093595743158731537e+00 1.000000000000000000e+00 5.764253995593167964e-05
5.779200000000000000e+04 5.017814170192004264e-01 2.112242367418035371e+02 3.364606602215385323e+00 2.862667743799306219e+00 7.008206935644928359e-01 9.157047017728289973e+01 2.180120978130168030e+00 3.052326073583976118e+00 2.093590573795834686e+00 1.000000000000000000e+00 5.764127416601877825e-05
5.779300000000000000e+04 5.017875370124080803e-01 2.112234657274829033e+02 3.364567804040530685e+00 2.862687647212839970e+00 7.008238813440633708e-01 9.157149007578610167e+01 2.180108893628888378e+00 3.052308349993891223e+00 2.093585404365500224e+00 1.000000000000000000e+00 5.764000855744031652e-05
5.779400000000000000e+04 5.017936569784513523e-01 2.112226947436534488e+02 3.364529009305613716e+00 2.862707548451720818e+00 7.008270687517287323e-01 9.157250985944287436e+01 2.180096810629466475e+00 3.052290628567052355e+00 2.093580234821376340e+00 1.000000000000000000e+00 5.763874313017584367e-05
5.779500000000000000e+04 5.017997769173345723e-01 2.112219237903196074e+02 3.364490218010613098e+00 2.862727447516191681e+00 7.008302557875283334e-01 9.157352952825796422e+01 2.180084729133781707e+00 3.052272909306121829e+00 2.093575065176130678e+00 1.000000000000000000e+00 5.763747788420491572e-05
5.779600000000000000e+04 5.018058968290621813e-01 2.112211528674863246e+02 3.364451430155499079e+00 2.862747344406494143e+00 7.008334424515015870e-01 9.157454908219557410e+01 2.180072649139652263e+00 3.052255192208129131e+00 2.093569895362479727e+00 1.000000000000000000e+00 5.763621281950719033e-05
5.779700000000000000e+04 5.018120167136385090e-01 2.112203819751584888e+02 3.364412645740244123e+00 2.862767239122871565e+00 7.008366287436882391e-01 9.157556852131915548e+01 2.180060570648695961e+00 3.052237477275109079e+00 2.093564725478239019e+00 1.000000000000000000e+00 5.763494793606201345e-05
5.779800000000000000e+04 5.018181365710678854e-01 2.112196111133412728e+02 3.364373864764778510e+00 2.862787131665567308e+00 7.008398146641270365e-01 9.157658784561395748e+01 2.180048493659934916e+00 3.052219764506000743e+00 2.093559555512948922e+00 1.000000000000000000e+00 5.763368323384904950e-05
5.779900000000000000e+04 5.018242564013548623e-01 2.112188402820370356e+02 3.364335087229070709e+00 2.862807022034822069e+00 7.008430002128572811e-01 9.157760705506289867e+01 2.180036418173111112e+00 3.052202053900217038e+00 2.093554385412591756e+00 1.000000000000000000e+00 5.763241871284775964e-05
5.780000000000000000e+04 5.018303762045036587e-01 2.112180694812498700e+02 3.364296313133081640e+00 2.862826910230880095e+00 7.008461853899186078e-01 9.157862614968259152e+01 2.180024344186640484e+00 3.052184345455705827e+00 2.093549215206910397e+00 1.000000000000000000e+00 5.763115437303770666e-05
