0.00000000e+00 0.00000000e+00 5.00000000e-02
1.00000000e+00 1.25663706e-01 4.90335880e-02
2.00000000e+00 2.51327412e-01 4.80903263e-02
3.00000000e+00 3.76991118e-01 4.71656610e-02
4.00000000e+00 5.02654825e-01 4.62685531e-02
5.00000000e+00 6.28318531e-01 4.53962034e-02
6.00000000e+00 7.53982237e-01 4.45504766e-02
7.00000000e+00 8.79645943e-01 4.37214146e-02
8.00000000e+00 1.00530965e+00 4.29097456e-02
9.00000000e+00 1.13097336e+00 4.21174805e-02
1.00000000e+01 1.25663706e+00 4.13441688e-02
1.10000000e+01 1.38230077e+00 4.05900850e-02
1.20000000e+01 1.50796447e+00 3.98538028e-02
1.30000000e+01 1.63362818e+00 3.91358603e-02
1.40000000e+01 1.75929189e+00 3.84357981e-02
1.50000000e+01 1.88495559e+00 3.77529366e-02
1.60000000e+01 2.01061930e+00 3.70864569e-02
1.70000000e+01 2.13628300e+00 3.64374503e-02
1.80000000e+01 2.26194671e+00 3.58097784e-02
1.90000000e+01 2.38761042e+00 3.51937866e-02
2.00000000e+01 2.51327412e+00 3.45917174e-02
2.10000000e+01 2.63893783e+00 3.40054071e-02
2.20000000e+01 2.76460154e+00 3.34362048e-02
2.30000000e+01 2.89026524e+00 3.28762947e-02
2.40000000e+01 3.01592895e+00 3.23304553e-02
2.50000000e+01 3.14159265e+00 3.17997162e-02
2.60000000e+01 3.26725636e+00 3.12830804e-02
2.70000000e+01 3.39292007e+00 3.07761204e-02
2.80000000e+01 3.51858377e+00 3.02819768e-02
2.90000000e+01 3.64424748e+00 2.97984152e-02
3.00000000e+01 3.76991118e+00 2.93302162e-02
3.10000000e+01 3.89557489e+00 2.88726326e-02
3.20000000e+01 4.02123860e+00 2.84236928e-02
3.30000000e+01 4.14690230e+00 2.79861750e-02
3.40000000e+01 4.27256601e+00 2.75568909e-02
3.50000000e+01 4.39822972e+00 2.71399015e-02
3.60000000e+01 4.52389342e+00 2.67329088e-02
3.70000000e+01 4.64955713e+00 2.63358912e-02
3.80000000e+01 4.77522083e+00 2.59496567e-02
3.90000000e+01 4.90088454e+00 2.55721417e-02
4.00000000e+01 5.02654825e+00 2.52029151e-02
4.10000000e+01 5.15221195e+00 2.48385427e-02
4.20000000e+01 5.27787566e+00 2.44845069e-02
4.30000000e+01 5.40353936e+00 2.41373603e-02
4.40000000e+01 5.52920307e+00 2.38001138e-02
4.50000000e+01 5.65486678e+00 2.34706355e-02
4.60000000e+01 5.78053048e+00 2.31483828e-02
4.70000000e+01 5.90619419e+00 2.28319959e-02
4.80000000e+01 6.03185789e+00 2.25249910e-02
4.90000000e+01 6.15752160e+00 2.22238675e-02
5.00000000e+01 6.28318531e+00 2.19317081e-02
5.10000000e+01 6.40884901e+00 2.16463172e-02
5.20000000e+01 6.53451272e+00 2.13665829e-02
5.30000000e+01 6.66017643e+00 2.10915586e-02
5.40000000e+01 6.78584013e+00 2.08221548e-02
5.50000000e+01 6.91150384e+00 2.05582276e-02
5.60000000e+01 7.03716754e+00 2.02999872e-02
5.70000000e+01 7.16283125e+00 2.00481468e-02
5.80000000e+01 7.28849496e+00 1.98029915e-02
5.90000000e+01 7.41415866e+00 1.95613565e-02
6.00000000e+01 7.53982237e+00 1.93253553e-02
6.10000000e+01 7.66548607e+00 1.90953205e-02
6.20000000e+01 7.79114978e+00 1.88661180e-02
6.30000000e+01 7.91681349e+00 1.86407153e-02
6.40000000e+01 8.04247719e+00 1.84212708e-02
6.50000000e+01 8.16814090e+00 1.82032606e-02
6.60000000e+01 8.29380461e+00 1.79901235e-02
6.70000000e+01 8.41946831e+00 1.77822435e-02
6.80000000e+01 8.54513202e+00 1.75805471e-02
6.90000000e+01 8.67079572e+00 1.73892138e-02
7.00000000e+01 8.79645943e+00 1.72030677e-02
7.10000000e+01 8.92212314e+00 1.70214644e-02
7.20000000e+01 9.04778684e+00 1.68399106e-02
7.30000000e+01 9.17345055e+00 1.66638901e-02
7.40000000e+01 9.29911425e+00 1.64898403e-02
7.50000000e+01 9.42477796e+00 1.63192942e-02
7.60000000e+01 9.55044167e+00 1.61492374e-02
7.70000000e+01 9.67610537e+00 1.59828547e-02
7.80000000e+01 9.80176908e+00 1.58203590e-02
7.90000000e+01 9.92743279e+00 1.56626581e-02
8.00000000e+01 1.00530965e+01 1.55074958e-02
8.10000000e+01 1.01787602e+01 1.53546558e-02
8.20000000e+01 1.03044239e+01 1.52034868e-02
8.30000000e+01 1.04300876e+01 1.50586501e-02
8.40000000e+01 1.05557513e+01 1.49190552e-02
8.50000000e+01 1.06814150e+01 1.47801927e-02
8.60000000e+01 1.08070787e+01 1.46440058e-02
8.70000000e+01 1.09327424e+01 1.45088244e-02
8.80000000e+01 1.10584061e+01 1.43771961e-02
8.90000000e+01 1.11840698e+01 1.42462302e-02
9.00000000e+01 1.13097336e+01 1.41172110e-02
9.10000000e+01 1.14353973e+01 1.39884733e-02
9.20000000e+01 1.15610610e+01 1.38672652e-02
9.30000000e+01 1.16867247e+01 1.37468232e-02
9.40000000e+01 1.18123884e+01 1.36281111e-02
9.50000000e+01 1.19380521e+01 1.35094149e-02
9.60000000e+01 1.20637158e+01 1.33909276e-02
9.70000000e+01 1.21893795e+01 1.32742055e-02
9.80000000e+01 1.23150432e+01 1.31597066e-02
9.90000000e+01 1.24407069e+01 1.30482919e-02
1.00000000e+02 1.25663706e+01 1.29415692e-02
1.01000000e+02 1.26920343e+01 1.28356406e-02
1.02000000e+02 1.28176980e+01 1.27301869e-02
1.03000000e+02 1.29433617e+01 1.26250514e-02
1.04000000e+02 1.30690254e+01 1.25201914e-02
1.05000000e+02 1.31946891e+01 1.24185673e-02
1.06000000e+02 1.33203529e+01 1.23178495e-02
1.07000000e+02 1.34460166e+01 1.22172604e-02
1.08000000e+02 1.35716803e+01 1.21170662e-02
1.09000000e+02 1.36973440e+01 1.20167132e-02
1.10000000e+02 1.38230077e+01 1.19167725e-02
1.11000000e+02 1.39486714e+01 1.18172639e-02
1.12000000e+02 1.40743351e+01 1.17192024e-02
1.13000000e+02 1.41999988e+01 1.16211329e-02
1.14000000e+02 1.43256625e+01 1.15282433e-02
1.15000000e+02 1.44513262e+01 1.14359724e-02
1.16000000e+02 1.45769899e+01 1.13439658e-02
1.17000000e+02 1.47026536e+01 1.12545035e-02
1.18000000e+02 1.48283173e+01 1.11680263e-02
1.19000000e+02 1.49539810e+01 1.10812186e-02
1.20000000e+02 1.50796447e+01 1.09951803e-02
1.21000000e+02 1.52053084e+01 1.09099485e-02
1.22000000e+02 1.53309721e+01 1.08244989e-02
1.23000000e+02 1.54566359e+01 1.07406070e-02
1.24000000e+02 1.55822996e+01 1.06585536e-02
1.25000000e+02 1.57079633e+01 1.05769563e-02
1.26000000e+02 1.58336270e+01 1.04964152e-02
1.27000000e+02 1.59592907e+01 1.04165850e-02
1.28000000e+02 1.60849544e+01 1.03378536e-02
1.29000000e+02 1.62106181e+01 1.02600708e-02
1.30000000e+02 1.63362818e+01 1.01852533e-02
1.31000000e+02 1.64619455e+01 1.01103766e-02
1.32000000e+02 1.65876092e+01 1.00358879e-02
1.33000000e+02 1.67132729e+01 9.96239165e-03
1.34000000e+02 1.68389366e+01 9.88922974e-03
1.35000000e+02 1.69646003e+01 9.81715809e-03
1.36000000e+02 1.70902640e+01 9.74762520e-03
1.37000000e+02 1.72159277e+01 9.67844707e-03
1.38000000e+02 1.73415914e+01 9.61110897e-03
1.39000000e+02 1.74672552e+01 9.54574719e-03
1.40000000e+02 1.75929189e+01 9.48089911e-03
1.41000000e+02 1.77185826e+01 9.41876797e-03
1.42000000e+02 1.78442463e+01 9.35726242e-03
1.43000000e+02 1.79699100e+01 9.29519752e-03
1.44000000e+02 1.80955737e+01 9.23387798e-03
1.45000000e+02 1.82212374e+01 9.17325184e-03
1.46000000e+02 1.83469011e+01 9.11403099e-03
1.47000000e+02 1.84725648e+01 9.05461447e-03
1.48000000e+02 1.85982285e+01 8.99530678e-03
1.49000000e+02 1.87238922e+01 8.93979873e-03
1.50000000e+02 1.88495559e+01 8.88470446e-03
1.51000000e+02 1.89752196e+01 8.83116699e-03
1.52000000e+02 1.91008833e+01 8.77744084e-03
1.53000000e+02 1.92265470e+01 8.72401581e-03
1.54000000e+02 1.93522107e+01 8.66866539e-03
1.55000000e+02 1.94778745e+01 8.61343062e-03
1.56000000e+02 1.96035382e+01 8.55773966e-03
1.57000000e+02 1.97292019e+01 8.50392188e-03
1.58000000e+02 1.98548656e+01 8.45173582e-03
1.59000000e+02 1.99805293e+01 8.40025632e-03
1.60000000e+02 2.01061930e+01 8.34950502e-03
1.61000000e+02 2.02318567e+01 8.29940425e-03
1.62000000e+02 2.03575204e+01 8.24971748e-03
1.63000000e+02 2.04831841e+01 8.20037622e-03
1.64000000e+02 2.06088478e+01 8.15102672e-03
1.65000000e+02 2.07345115e+01 8.10235716e-03
1.66000000e+02 2.08601752e+01 8.05424274e-03
1.67000000e+02 2.09858389e+01 8.00579601e-03
1.68000000e+02 2.11115026e+01 7.95782911e-03
1.69000000e+02 2.12371663e+01 7.91019571e-03
1.70000000e+02 2.13628300e+01 7.86313205e-03
1.71000000e+02 2.14884938e+01 7.81410344e-03
1.72000000e+02 2.16141575e+01 7.76846883e-03
1.73000000e+02 2.17398212e+01 7.72315084e-03
1.74000000e+02 2.18654849e+01 7.67792527e-03
1.75000000e+02 2.19911486e+01 7.63289590e-03
1.76000000e+02 2.21168123e+01 7.58790753e-03
1.77000000e+02 2.22424760e+01 7.54453692e-03
1.78000000e+02 2.23681397e+01 7.50192999e-03
1.79000000e+02 2.24938034e+01 7.45943502e-03
1.80000000e+02 2.26194671e+01 7.41731705e-03
1.81000000e+02 2.27451308e+01 7.37488795e-03
1.82000000e+02 2.28707945e+01 7.33385419e-03
1.83000000e+02 2.29964582e+01 7.29337396e-03
1.84000000e+02 2.31221219e+01 7.25260304e-03
1.85000000e+02 2.32477856e+01 7.21113862e-03
1.86000000e+02 2.33734493e+01 7.16948169e-03
1.87000000e+02 2.34991130e+01 7.12837720e-03
1.88000000e+02 2.36247768e+01 7.08774931e-03
1.89000000e+02 2.37504405e+01 7.04708605e-03
1.90000000e+02 2.38761042e+01 7.00748862e-03
1.91000000e+02 2.40017679e+01 6.96799845e-03
1.92000000e+02 2.41274316e+01 6.92886614e-03
1.93000000e+02 2.42530953e+01 6.89028636e-03
1.94000000e+02 2.43787590e+01 6.85191223e-03
1.95000000e+02 2.45044227e+01 6.81366173e-03
1.96000000e+02 2.46300864e+01 6.77529771e-03
1.97000000e+02 2.47557501e+01 6.73695440e-03
1.98000000e+02 2.48814138e+01 6.69797443e-03
1.99000000e+02 2.50070775e+01 6.65939964e-03
2.00000000e+02 2.51327412e+01 6.62080191e-03
2.01000000e+02 2.52584049e+01 6.58203750e-03
2.02000000e+02 2.53840686e+01 6.54325253e-03
2.03000000e+02 2.55097323e+01 6.50445519e-03
2.04000000e+02 2.56353961e+01 6.46510187e-03
2.05000000e+02 2.57610598e+01 6.42516775e-03
2.06000000e+02 2.58867235e+01 6.38509680e-03
2.07000000e+02 2.60123872e+01 6.34569824e-03
2.08000000e+02 2.61380509e+01 6.30642621e-03
2.09000000e+02 2.62637146e+01 6.26691337e-03
2.10000000e+02 2.63893783e+01 6.22787834e-03
2.11000000e+02 2.65150420e+01 6.19257305e-03
2.12000000e+02 2.66407057e+01 6.15893710e-03
2.13000000e+02 2.67663694e+01 6.12600480e-03
2.14000000e+02 2.68920331e+01 6.09366007e-03
2.15000000e+02 2.70176968e+01 6.06156634e-03
2.16000000e+02 2.71433605e+01 6.03010947e-03
2.17000000e+02 2.72690242e+01 5.99853794e-03
2.18000000e+02 2.73946879e+01 5.96722958e-03
2.19000000e+02 2.75203516e+01 5.93585965e-03
2.20000000e+02 2.76460154e+01 5.90460120e-03
2.21000000e+02 2.77716791e+01 5.87437273e-03
2.22000000e+02 2.78973428e+01 5.84411415e-03
2.23000000e+02 2.80230065e+01 5.81521881e-03
2.24000000e+02 2.81486702e+01 5.78596849e-03
2.25000000e+02 2.82743339e+01 5.75655918e-03
2.26000000e+02 2.83999976e+01 5.72736252e-03
2.27000000e+02 2.85256613e+01 5.69770227e-03
2.28000000e+02 2.86513250e+01 5.66832481e-03
2.29000000e+02 2.87769887e+01 5.64005151e-03
2.30000000e+02 2.89026524e+01 5.61174774e-03
2.31000000e+02 2.90283161e+01 5.58355094e-03
2.32000000e+02 2.91539798e+01 5.55550360e-03
2.33000000e+02 2.92796435e+01 5.52717767e-03
2.34000000e+02 2.94053072e+01 5.50009284e-03
2.35000000e+02 2.95309709e+01 5.47321592e-03
2.36000000e+02 2.96566346e+01 5.44697889e-03
2.37000000e+02 2.97822984e+01 5.42087939e-03
2.38000000e+02 2.99079621e+01 5.39468538e-03
2.39000000e+02 3.00336258e+01 5.36829585e-03
2.40000000e+02 3.01592895e+01 5.34193921e-03
2.41000000e+02 3.02849532e+01 5.31531447e-03
2.42000000e+02 3.04106169e+01 5.28820287e-03
2.43000000e+02 3.05362806e+01 5.26136284e-03
2.44000000e+02 3.06619443e+01 5.23429742e-03
2.45000000e+02 3.07876080e+01 5.20785710e-03
2.46000000e+02 3.09132717e+01 5.18105766e-03
2.47000000e+02 3.10389354e+01 5.15438273e-03
2.48000000e+02 3.11645991e+01 5.12785749e-03
2.49000000e+02 3.12902628e+01 5.10260885e-03
2.50000000e+02 3.14159265e+01 5.07813893e-03
2.51000000e+02 3.15415902e+01 5.05322728e-03
2.52000000e+02 3.16672539e+01 5.02866804e-03
2.53000000e+02 3.17929177e+01 5.00369433e-03
2.54000000e+02 3.19185814e+01 4.97851367e-03
2.55000000e+02 3.20442451e+01 4.95303166e-03
2.56000000e+02 3.21699088e+01 4.92739073e-03
2.57000000e+02 3.22955725e+01 4.90181102e-03
2.58000000e+02 3.24212362e+01 4.87699724e-03
2.59000000e+02 3.25468999e+01 4.85271846e-03
2.60000000e+02 3.26725636e+01 4.82968602e-03
2.61000000e+02 3.27982273e+01 4.80701039e-03
2.62000000e+02 3.29238910e+01 4.78499252e-03
2.63000000e+02 3.30495547e+01 4.76357928e-03
2.64000000e+02 3.31752184e+01 4.74254363e-03
2.65000000e+02 3.33008821e+01 4.72204733e-03
2.66000000e+02 3.34265458e+01 4.70125377e-03
2.67000000e+02 3.35522095e+01 4.68008858e-03
2.68000000e+02 3.36778732e+01 4.65858651e-03
2.69000000e+02 3.38035370e+01 4.63677241e-03
2.70000000e+02 3.39292007e+01 4.61521587e-03
2.71000000e+02 3.40548644e+01 4.59342956e-03
2.72000000e+02 3.41805281e+01 4.57168960e-03
2.73000000e+02 3.43061918e+01 4.55015077e-03
2.74000000e+02 3.44318555e+01 4.52837766e-03
2.75000000e+02 3.45575192e+01 4.50670127e-03
2.76000000e+02 3.46831829e+01 4.48479758e-03
2.77000000e+02 3.48088466e+01 4.46278533e-03
2.78000000e+02 3.49345103e+01 4.44051282e-03
2.79000000e+02 3.50601740e+01 4.41810651e-03
2.80000000e+02 3.51858377e+01 4.39536502e-03
2.81000000e+02 3.53115014e+01 4.37270883e-03
2.82000000e+02 3.54371651e+01 4.35004149e-03
2.83000000e+02 3.55628288e+01 4.32697459e-03
2.84000000e+02 3.56884925e+01 4.30354105e-03
2.85000000e+02 3.58141563e+01 4.27983592e-03
2.86000000e+02 3.59398200e+01 4.25636943e-03
2.87000000e+02 3.60654837e+01 4.23273130e-03
2.88000000e+02 3.61911474e+01 4.20871373e-03
2.89000000e+02 3.63168111e+01 4.18462137e-03
2.90000000e+02 3.64424748e+01 4.16098892e-03
2.91000000e+02 3.65681385e+01 4.13915689e-03
2.92000000e+02 3.66938022e+01 4.11782009e-03
2.93000000e+02 3.68194659e+01 4.09672965e-03
2.94000000e+02 3.69451296e+01 4.07600726e-03
2.95000000e+02 3.70707933e+01 4.05555994e-03
2.96000000e+02 3.71964570e+01 4.03508155e-03
2.97000000e+02 3.73221207e+01 4.01493107e-03
2.98000000e+02 3.74477844e+01 3.99457219e-03
2.99000000e+02 3.75734481e+01 3.97386424e-03
3.00000000e+02 3.76991118e+01 3.95302052e-03
3.01000000e+02 3.78247755e+01 3.93188545e-03
3.02000000e+02 3.79504393e+01 3.91044024e-03
3.03000000e+02 3.80761030e+01 3.88867607e-03
3.04000000e+02 3.82017667e+01 3.86679757e-03
3.05000000e+02 3.83274304e+01 3.84503179e-03
3.06000000e+02 3.84530941e+01 3.82465025e-03
3.07000000e+02 3.85787578e+01 3.80440186e-03
3.08000000e+02 3.87044215e+01 3.78475902e-03
3.09000000e+02 3.88300852e+01 3.76493407e-03
3.10000000e+02 3.89557489e+01 3.74557265e-03
3.11000000e+02 3.90814126e+01 3.72624455e-03
3.12000000e+02 3.92070763e+01 3.70692508e-03
3.13000000e+02 3.93327400e+01 3.68786796e-03
3.14000000e+02 3.94584037e+01 3.66864666e-03
3.15000000e+02 3.95840674e+01 3.64905834e-03
3.16000000e+02 3.97097311e+01 3.62966008e-03
3.17000000e+02 3.98353948e+01 3.61076311e-03
3.18000000e+02 3.99610586e+01 3.59167868e-03
3.19000000e+02 4.00867223e+01 3.57243617e-03
3.20000000e+02 4.02123860e+01 3.55474280e-03
3.21000000e+02 4.03380497e+01 3.53719990e-03
3.22000000e+02 4.04637134e+01 3.51984750e-03
3.23000000e+02 4.05893771e+01 3.50226113e-03
3.24000000e+02 4.07150408e+01 3.48451199e-03
3.25000000e+02 4.08407045e+01 3.46664828e-03
3.26000000e+02 4.09663682e+01 3.44858295e-03
3.27000000e+02 4.10920319e+01 3.43156189e-03
3.28000000e+02 4.12176956e+01 3.41556052e-03
3.29000000e+02 4.13433593e+01 3.39957098e-03
3.30000000e+02 4.14690230e+01 3.38340789e-03
3.31000000e+02 4.15946867e+01 3.36716803e-03
3.32000000e+02 4.17203504e+01 3.35085178e-03
3.33000000e+02 4.18460141e+01 3.33424946e-03
3.34000000e+02 4.19716779e+01 3.31808083e-03
3.35000000e+02 4.20973416e+01 3.30166041e-03
3.36000000e+02 4.22230053e+01 3.28475609e-03
3.37000000e+02 4.23486690e+01 3.26782453e-03
3.38000000e+02 4.24743327e+01 3.25075817e-03
3.39000000e+02 4.25999964e+01 3.23435464e-03
3.40000000e+02 4.27256601e+01 3.21815950e-03
3.41000000e+02 4.28513238e+01 3.20223757e-03
3.42000000e+02 4.29769875e+01 3.18635403e-03
3.43000000e+02 4.31026512e+01 3.17038215e-03
3.44000000e+02 4.32283149e+01 3.15551754e-03
3.45000000e+02 4.33539786e+01 3.14035638e-03
3.46000000e+02 4.34796423e+01 3.12539906e-03
3.47000000e+02 4.36053060e+01 3.11019705e-03
3.48000000e+02 4.37309697e+01 3.09509762e-03
3.49000000e+02 4.38566334e+01 3.08041008e-03
3.50000000e+02 4.39822972e+01 3.06561542e-03
3.51000000e+02 4.41079609e+01 3.05166455e-03
3.52000000e+02 4.42336246e+01 3.03753736e-03
3.53000000e+02 4.43592883e+01 3.02344601e-03
3.54000000e+02 4.44849520e+01 3.00939733e-03
3.55000000e+02 4.46106157e+01 2.99516182e-03
3.56000000e+02 4.47362794e+01 2.98108557e-03
3.57000000e+02 4.48619431e+01 2.96671441e-03
3.58000000e+02 4.49876068e+01 2.95212129e-03
3.59000000e+02 4.51132705e+01 2.93774584e-03
3.60000000e+02 4.52389342e+01 2.92319985e-03
3.61000000e+02 4.53645979e+01 2.90913595e-03
3.62000000e+02 4.54902616e+01 2.89521085e-03
3.63000000e+02 4.56159253e+01 2.88233995e-03
3.64000000e+02 4.57415890e+01 2.86925516e-03
3.65000000e+02 4.58672527e+01 2.85605525e-03
3.66000000e+02 4.59929164e+01 2.84276513e-03
3.67000000e+02 4.61185802e+01 2.82924192e-03
3.68000000e+02 4.62442439e+01 2.81559103e-03
3.69000000e+02 4.63699076e+01 2.80201544e-03
3.70000000e+02 4.64955713e+01 2.78848141e-03
3.71000000e+02 4.66212350e+01 2.77507999e-03
3.72000000e+02 4.67468987e+01 2.76173804e-03
3.73000000e+02 4.68725624e+01 2.74934729e-03
3.74000000e+02 4.69982261e+01 2.73730408e-03
3.75000000e+02 4.71238898e+01 2.72523390e-03
3.76000000e+02 4.72495535e+01 2.71418054e-03
3.77000000e+02 4.73752172e+01 2.70312450e-03
3.78000000e+02 4.75008809e+01 2.69205188e-03
3.79000000e+02 4.76265446e+01 2.68197971e-03
3.80000000e+02 4.77522083e+01 2.67160820e-03
3.81000000e+02 4.78778720e+01 2.66092239e-03
3.82000000e+02 4.80035357e+01 2.65005763e-03
3.83000000e+02 4.81291995e+01 2.63904816e-03
3.84000000e+02 4.82548632e+01 2.62803446e-03
3.85000000e+02 4.83805269e+01 2.61701041e-03
3.86000000e+02 4.85061906e+01 2.60569280e-03
3.87000000e+02 4.86318543e+01 2.59452944e-03
3.88000000e+02 4.87575180e+01 2.58332465e-03
3.89000000e+02 4.88831817e+01 2.57186600e-03
3.90000000e+02 4.90088454e+01 2.56057450e-03
3.91000000e+02 4.91345091e+01 2.54903983e-03
3.92000000e+02 4.92601728e+01 2.53723126e-03
3.93000000e+02 4.93858365e+01 2.52546539e-03
3.94000000e+02 4.95115002e+01 2.51344388e-03
3.95000000e+02 4.96371639e+01 2.50131938e-03
3.96000000e+02 4.97628276e+01 2.48901053e-03
3.97000000e+02 4.98884913e+01 2.47642896e-03
3.98000000e+02 5.00141550e+01 2.46379707e-03
3.99000000e+02 5.01398188e+01 2.45096003e-03
4.00000000e+02 5.02654825e+01 2.43792786e-03
4.01000000e+02 5.03911462e+01 2.42474983e-03
4.02000000e+02 5.05168099e+01 2.41174315e-03
4.03000000e+02 5.06424736e+01 2.39855976e-03
4.04000000e+02 5.07681373e+01 2.38582935e-03
4.05000000e+02 5.08938010e+01 2.37290449e-03
4.06000000e+02 5.10194647e+01 2.36002062e-03
4.07000000e+02 5.11451284e+01 2.34727707e-03
4.08000000e+02 5.12707921e+01 2.33436749e-03
4.09000000e+02 5.13964558e+01 2.32126034e-03
4.10000000e+02 5.15221195e+01 2.30816350e-03
4.11000000e+02 5.16477832e+01 2.29518917e-03
4.12000000e+02 5.17734469e+01 2.28251811e-03
4.13000000e+02 5.18991106e+01 2.26957560e-03
4.14000000e+02 5.20247743e+01 2.25645651e-03
4.15000000e+02 5.21504380e+01 2.24317756e-03
4.16000000e+02 5.22761018e+01 2.22972881e-03
4.17000000e+02 5.24017655e+01 2.21639515e-03
4.18000000e+02 5.25274292e+01 2.20272597e-03
4.19000000e+02 5.26530929e+01 2.18920245e-03
4.20000000e+02 5.27787566e+01 2.17611135e-03
4.21000000e+02 5.29044203e+01 2.16292852e-03
4.22000000e+02 5.30300840e+01 2.14953038e-03
4.23000000e+02 5.31557477e+01 2.13693460e-03
4.24000000e+02 5.32814114e+01 2.12425723e-03
4.25000000e+02 5.34070751e+01 2.11209240e-03
4.26000000e+02 5.35327388e+01 2.09999286e-03
4.27000000e+02 5.36584025e+01 2.08775452e-03
4.28000000e+02 5.37840662e+01 2.07644461e-03
4.29000000e+02 5.39097299e+01 2.06500518e-03
4.30000000e+02 5.40353936e+01 2.05419682e-03
4.31000000e+02 5.41610573e+01 2.04313416e-03
4.32000000e+02 5.42867211e+01 2.03220353e-03
4.33000000e+02 5.44123848e+01 2.02135430e-03
4.34000000e+02 5.45380485e+01 2.01053877e-03
4.35000000e+02 5.46637122e+01 2.00023717e-03
4.36000000e+02 5.47893759e+01 1.98976762e-03
4.37000000e+02 5.49150396e+01 1.97973795e-03
4.38000000e+02 5.50407033e+01 1.96963378e-03
4.39000000e+02 5.51663670e+01 1.95969654e-03
4.40000000e+02 5.52920307e+01 1.94956003e-03
4.41000000e+02 5.54176944e+01 1.93982337e-03
4.42000000e+02 5.55433581e+01 1.92980729e-03
4.43000000e+02 5.56690218e+01 1.91946609e-03
4.44000000e+02 5.57946855e+01 1.90891732e-03
4.45000000e+02 5.59203492e+01 1.89838152e-03
4.46000000e+02 5.60460129e+01 1.88785549e-03
4.47000000e+02 5.61716766e+01 1.87717131e-03
4.48000000e+02 5.62973404e+01 1.86651090e-03
4.49000000e+02 5.64230041e+01 1.85621211e-03
4.50000000e+02 5.65486678e+01 1.84566228e-03
4.51000000e+02 5.66743315e+01 1.83494896e-03
4.52000000e+02 5.67999952e+01 1.82414388e-03
4.53000000e+02 5.69256589e+01 1.81353694e-03
4.54000000e+02 5.70513226e+01 1.80313414e-03
4.55000000e+02 5.71769863e+01 1.79252538e-03
4.56000000e+02 5.73026500e+01 1.78207872e-03
4.57000000e+02 5.74283137e+01 1.77144477e-03
4.58000000e+02 5.75539774e+01 1.76064812e-03
4.59000000e+02 5.76796411e+01 1.74979252e-03
4.60000000e+02 5.78053048e+01 1.73978297e-03
4.61000000e+02 5.79309685e+01 1.73062840e-03
4.62000000e+02 5.80566322e+01 1.72194208e-03
4.63000000e+02 5.81822959e+01 1.71304051e-03
4.64000000e+02 5.83079597e+01 1.70405635e-03
4.65000000e+02 5.84336234e+01 1.69500457e-03
4.66000000e+02 5.85592871e+01 1.68581420e-03
4.67000000e+02 5.86849508e+01 1.67640097e-03
4.68000000e+02 5.88106145e+01 1.66678367e-03
4.69000000e+02 5.89362782e+01 1.65731783e-03
4.70000000e+02 5.90619419e+01 1.64781416e-03
4.71000000e+02 5.91876056e+01 1.63806821e-03
4.72000000e+02 5.93132693e+01 1.62816924e-03
4.73000000e+02 5.94389330e+01 1.61812116e-03
4.74000000e+02 5.95645967e+01 1.60847836e-03
4.75000000e+02 5.96902604e+01 1.59916777e-03
4.76000000e+02 5.98159241e+01 1.58972564e-03
4.77000000e+02 5.99415878e+01 1.58028904e-03
4.78000000e+02 6.00672515e+01 1.57094551e-03
4.79000000e+02 6.01929152e+01 1.56145458e-03
4.80000000e+02 6.03185789e+01 1.55182188e-03
4.81000000e+02 6.04442427e+01 1.54203643e-03
4.82000000e+02 6.05699064e+01 1.53214388e-03
4.83000000e+02 6.06955701e+01 1.52229092e-03
4.84000000e+02 6.08212338e+01 1.51247404e-03
4.85000000e+02 6.09468975e+01 1.50279400e-03
4.86000000e+02 6.10725612e+01 1.49297544e-03
4.87000000e+02 6.11982249e+01 1.48303205e-03
4.88000000e+02 6.13238886e+01 1.47305211e-03
4.89000000e+02 6.14495523e+01 1.46357529e-03
4.90000000e+02 6.15752160e+01 1.45475338e-03
4.91000000e+02 6.17008797e+01 1.44580717e-03
4.92000000e+02 6.18265434e+01 1.43670737e-03
4.93000000e+02 6.19522071e+01 1.42754819e-03
4.94000000e+02 6.20778708e+01 1.41830893e-03
4.95000000e+02 6.22035345e+01 1.40900047e-03
4.96000000e+02 6.23291982e+01 1.39963419e-03
4.97000000e+02 6.24548620e+01 1.39071215e-03
4.98000000e+02 6.25805257e+01 1.38196756e-03
4.99000000e+02 6.27061894e+01 1.37379461e-03
5.00000000e+02 6.28318531e+01 1.36620603e-03
