0.00000000e+00 0.00000000e+00 5.00000000e-02
1.00000000e+00 4.18879020e-02 4.53433689e-02
2.00000000e+00 8.37758041e-02 4.10742905e-02
3.00000000e+00 1.25663706e-01 3.71925580e-02
4.00000000e+00 1.67551608e-01 3.36939963e-02
5.00000000e+00 2.09439510e-01 3.05260050e-02
6.00000000e+00 2.51327412e-01 2.76679683e-02
7.00000000e+00 2.93215314e-01 2.50855505e-02
8.00000000e+00 3.35103216e-01 2.27641922e-02
9.00000000e+00 3.76991118e-01 2.06596955e-02
1.00000000e+01 4.18879020e-01 1.87551707e-02
1.10000000e+01 4.60766923e-01 1.70593455e-02
1.20000000e+01 5.02654825e-01 1.55489616e-02
1.30000000e+01 5.44542727e-01 1.41780005e-02
1.40000000e+01 5.86430629e-01 1.29491370e-02
1.50000000e+01 6.28318531e-01 1.18200399e-02
1.60000000e+01 6.70206433e-01 1.07485982e-02
1.70000000e+01 7.12094335e-01 9.76571894e-03
1.80000000e+01 7.53982237e-01 8.90419113e-03
1.90000000e+01 7.95870139e-01 8.13632976e-03
2.00000000e+01 8.37758041e-01 7.43850349e-03
2.10000000e+01 8.79645943e-01 6.85700418e-03
2.20000000e+01 9.21533845e-01 6.32863479e-03
2.30000000e+01 9.63421747e-01 5.84076526e-03
2.40000000e+01 1.00530965e+00 5.39302418e-03
2.50000000e+01 1.04719755e+00 5.01677365e-03
2.60000000e+01 1.08908545e+00 4.67059995e-03
2.70000000e+01 1.13097336e+00 4.34892264e-03
2.80000000e+01 1.17286126e+00 4.05903650e-03
2.90000000e+01 1.21474916e+00 3.78369847e-03
3.00000000e+01 1.25663706e+00 3.53084867e-03
3.10000000e+01 1.29852496e+00 3.32514842e-03
3.20000000e+01 1.34041287e+00 3.13393415e-03
3.30000000e+01 1.38230077e+00 2.97833526e-03
3.40000000e+01 1.42418867e+00 2.83836757e-03
3.50000000e+01 1.46607657e+00 2.71198977e-03
3.60000000e+01 1.50796447e+00 2.59047333e-03
3.70000000e+01 1.54985238e+00 2.47223205e-03
3.80000000e+01 1.59174028e+00 2.36419475e-03
3.90000000e+01 1.63362818e+00 2.26659272e-03
4.00000000e+01 1.67551608e+00 2.17366511e-03
4.10000000e+01 1.71740398e+00 2.09099309e-03
4.20000000e+01 1.75929189e+00 2.01132491e-03
4.30000000e+01 1.80117979e+00 1.94215196e-03
4.40000000e+01 1.84306769e+00 1.87644802e-03
4.50000000e+01 1.88495559e+00 1.81915375e-03
4.60000000e+01 1.92684349e+00 1.76501462e-03
4.70000000e+01 1.96873140e+00 1.71177257e-03
4.80000000e+01 2.01061930e+00 1.65913863e-03
4.90000000e+01 2.05250720e+00 1.60856566e-03
5.00000000e+01 2.09439510e+00 1.56659166e-03
5.10000000e+01 2.13628300e+00 1.52942521e-03
5.20000000e+01 2.17817091e+00 1.49953989e-03
5.30000000e+01 2.22005881e+00 1.47814466e-03
5.40000000e+01 2.26194671e+00 1.45565883e-03
5.50000000e+01 2.30383461e+00 1.43716595e-03
5.60000000e+01 2.34572251e+00 1.41895637e-03
5.70000000e+01 2.38761042e+00 1.40145355e-03
5.80000000e+01 2.42949832e+00 1.39089684e-03
5.90000000e+01 2.47138622e+00 1.38116586e-03
6.00000000e+01 2.51327412e+00 1.37037775e-03
6.10000000e+01 2.55516202e+00 1.35878065e-03
6.20000000e+01 2.59704993e+00 1.34857522e-03
6.30000000e+01 2.63893783e+00 1.33935871e-03
6.40000000e+01 2.68082573e+00 1.32985032e-03
6.50000000e+01 2.72271363e+00 1.32018342e-03
6.60000000e+01 2.76460154e+00 1.31240184e-03
6.70000000e+01 2.80648944e+00 1.30521594e-03
6.80000000e+01 2.84837734e+00 1.29712622e-03
6.90000000e+01 2.89026524e+00 1.28900163e-03
7.00000000e+01 2.93215314e+00 1.27978666e-03
7.10000000e+01 2.97404105e+00 1.27031859e-03
7.20000000e+01 3.01592895e+00 1.27589191e-03
7.30000000e+01 3.05781685e+00 1.27392851e-03
7.40000000e+01 3.09970475e+00 1.27414197e-03
7.50000000e+01 3.14159265e+00 1.27314482e-03
7.60000000e+01 3.18348056e+00 1.27157831e-03
7.70000000e+01 3.22536846e+00 1.27487613e-03
7.80000000e+01 3.26725636e+00 1.27324894e-03
7.90000000e+01 3.30914426e+00 1.27218557e-03
8.00000000e+01 3.35103216e+00 1.26802424e-03
8.10000000e+01 3.39292007e+00 1.26865969e-03
8.20000000e+01 3.43480797e+00 1.26863976e-03
8.30000000e+01 3.47669587e+00 1.26992032e-03
8.40000000e+01 3.51858377e+00 1.27210365e-03
8.50000000e+01 3.56047167e+00 1.26920406e-03
8.60000000e+01 3.60235958e+00 1.26306011e-03
8.70000000e+01 3.64424748e+00 1.26540078e-03
8.80000000e+01 3.68613538e+00 1.26317393e-03
8.90000000e+01 3.72802328e+00 1.26290224e-03
9.00000000e+01 3.76991118e+00 1.26006554e-03
9.10000000e+01 3.81179909e+00 1.26034296e-03
9.20000000e+01 3.85368699e+00 1.25773145e-03
9.30000000e+01 3.89557489e+00 1.25766189e-03
9.40000000e+01 3.93746279e+00 1.25487274e-03
9.50000000e+01 3.97935069e+00 1.25428406e-03
9.60000000e+01 4.02123860e+00 1.25087442e-03
9.70000000e+01 4.06312650e+00 1.25275491e-03
9.80000000e+01 4.10501440e+00 1.24986941e-03
9.90000000e+01 4.14690230e+00 1.24889424e-03
1.00000000e+02 4.18879020e+00 1.24692600e-03
1.01000000e+02 4.23067811e+00 1.24601049e-03
1.02000000e+02 4.27256601e+00 1.24158126e-03
1.03000000e+02 4.31445391e+00 1.24204388e-03
1.04000000e+02 4.35634181e+00 1.24027686e-03
1.05000000e+02 4.39822972e+00 1.24161697e-03
1.06000000e+02 4.44011762e+00 1.24119562e-03
1.07000000e+02 4.48200552e+00 1.24268472e-03
1.08000000e+02 4.52389342e+00 1.24189838e-03
1.09000000e+02 4.56578132e+00 1.24282621e-03
1.10000000e+02 4.60766923e+00 1.24264170e-03
1.11000000e+02 4.64955713e+00 1.24466198e-03
1.12000000e+02 4.69144503e+00 1.24554794e-03
1.13000000e+02 4.73333293e+00 1.24644938e-03
1.14000000e+02 4.77522083e+00 1.24720851e-03
1.15000000e+02 4.81710874e+00 1.24726495e-03
1.16000000e+02 4.85899664e+00 1.24833417e-03
1.17000000e+02 4.90088454e+00 1.24856461e-03
1.18000000e+02 4.94277244e+00 1.24831677e-03
1.19000000e+02 4.98466034e+00 1.24895799e-03
1.20000000e+02 5.02654825e+00 1.24949409e-03
1.21000000e+02 5.06843615e+00 1.25005684e-03
1.22000000e+02 5.11032405e+00 1.25061092e-03
1.23000000e+02 5.15221195e+00 1.25106273e-03
1.24000000e+02 5.19409985e+00 1.25133017e-03
1.25000000e+02 5.23598776e+00 1.25173443e-03
1.26000000e+02 5.27787566e+00 1.24695051e-03
1.27000000e+02 5.31976356e+00 1.24782379e-03
1.28000000e+02 5.36165146e+00 1.24746412e-03
1.29000000e+02 5.40353936e+00 1.24829529e-03
1.30000000e+02 5.44542727e+00 1.24851266e-03
1.31000000e+02 5.48731517e+00 1.24936172e-03
1.32000000e+02 5.52920307e+00 1.24446068e-03
1.33000000e+02 5.57109097e+00 1.24503882e-03
1.34000000e+02 5.61297887e+00 1.24510075e-03
1.35000000e+02 5.65486678e+00 1.24477873e-03
1.36000000e+02 5.69675468e+00 1.24464193e-03
1.37000000e+02 5.73864258e+00 1.24702938e-03
1.38000000e+02 5.78053048e+00 1.24412630e-03
1.39000000e+02 5.82241838e+00 1.24773505e-03
1.40000000e+02 5.86430629e+00 1.24547361e-03
1.41000000e+02 5.90619419e+00 1.24441807e-03
1.42000000e+02 5.94808209e+00 1.24288483e-03
1.43000000e+02 5.98996999e+00 1.23929478e-03
1.44000000e+02 6.03185789e+00 1.24323781e-03
1.45000000e+02 6.07374580e+00 1.24106410e-03
1.46000000e+02 6.11563370e+00 1.23694553e-03
1.47000000e+02 6.15752160e+00 1.24016187e-03
1.48000000e+02 6.19940950e+00 1.23646373e-03
1.49000000e+02 6.24129741e+00 1.23745484e-03
1.50000000e+02 6.28318531e+00 1.22623309e-03
1.51000000e+02 6.32507321e+00 1.22117656e-03
1.52000000e+02 6.36696111e+00 1.22382892e-03
1.53000000e+02 6.40884901e+00 1.22539474e-03
1.54000000e+02 6.45073692e+00 1.22703942e-03
1.55000000e+02 6.49262482e+00 1.22318676e-03
1.56000000e+02 6.53451272e+00 1.21817533e-03
1.57000000e+02 6.57640062e+00 1.22052845e-03
1.58000000e+02 6.61828852e+00 1.21610695e-03
1.59000000e+02 6.66017643e+00 1.21193862e-03
1.60000000e+02 6.70206433e+00 1.20745565e-03
1.61000000e+02 6.74395223e+00 1.21159711e-03
1.62000000e+02 6.78584013e+00 1.20753840e-03
1.63000000e+02 6.82772803e+00 1.20404219e-03
1.64000000e+02 6.86961594e+00 1.20122288e-03
1.65000000e+02 6.91150384e+00 1.19837066e-03
1.66000000e+02 6.95339174e+00 1.19602086e-03
1.67000000e+02 6.99527964e+00 1.20004404e-03
1.68000000e+02 7.03716754e+00 1.19431456e-03
1.69000000e+02 7.07905545e+00 1.19142375e-03
1.70000000e+02 7.12094335e+00 1.18807977e-03
1.71000000e+02 7.16283125e+00 1.18567759e-03
1.72000000e+02 7.20471915e+00 1.18346757e-03
1.73000000e+02 7.24660705e+00 1.17927017e-03
1.74000000e+02 7.28849496e+00 1.17680209e-03
1.75000000e+02 7.33038286e+00 1.17458296e-03
1.76000000e+02 7.37227076e+00 1.17108758e-03
1.77000000e+02 7.41415866e+00 1.16923409e-03
1.78000000e+02 7.45604656e+00 1.16673804e-03
1.79000000e+02 7.49793447e+00 1.16210058e-03
1.80000000e+02 7.53982237e+00 1.15887963e-03
1.81000000e+02 7.58171027e+00 1.15568230e-03
1.82000000e+02 7.62359817e+00 1.15148994e-03
1.83000000e+02 7.66548607e+00 1.14851610e-03
1.84000000e+02 7.70737398e+00 1.14485025e-03
1.85000000e+02 7.74926188e+00 1.14246911e-03
1.86000000e+02 7.79114978e+00 1.13748376e-03
1.87000000e+02 7.83303768e+00 1.13396323e-03
1.88000000e+02 7.87492558e+00 1.13094744e-03
1.89000000e+02 7.91681349e+00 1.12699119e-03
1.90000000e+02 7.95870139e+00 1.12347684e-03
1.91000000e+02 8.00058929e+00 1.11973734e-03
1.92000000e+02 8.04247719e+00 1.11693608e-03
1.93000000e+02 8.08436510e+00 1.11355180e-03
1.94000000e+02 8.12625300e+00 1.10897790e-03
1.95000000e+02 8.16814090e+00 1.10715633e-03
1.96000000e+02 8.21002880e+00 1.10214185e-03
1.97000000e+02 8.25191670e+00 1.10062156e-03
1.98000000e+02 8.29380461e+00 1.09825397e-03
1.99000000e+02 8.33569251e+00 1.09400359e-03
2.00000000e+02 8.37758041e+00 1.09194662e-03
2.01000000e+02 8.41946831e+00 1.08705702e-03
2.02000000e+02 8.46135621e+00 1.08402261e-03
2.03000000e+02 8.50324412e+00 1.08095210e-03
2.04000000e+02 8.54513202e+00 1.07629815e-03
2.05000000e+02 8.58701992e+00 1.07291659e-03
2.06000000e+02 8.62890782e+00 1.06827267e-03
2.07000000e+02 8.67079572e+00 1.06475974e-03
2.08000000e+02 8.71268363e+00 1.06174309e-03
2.09000000e+02 8.75457153e+00 1.05679132e-03
2.10000000e+02 8.79645943e+00 1.05542523e-03
2.11000000e+02 8.83834733e+00 1.05484712e-03
2.12000000e+02 8.88023523e+00 1.05184002e-03
2.13000000e+02 8.92212314e+00 1.05082458e-03
2.14000000e+02 8.96401104e+00 1.04935364e-03
2.15000000e+02 9.00589894e+00 1.04798626e-03
2.16000000e+02 9.04778684e+00 1.04808516e-03
2.17000000e+02 9.08967474e+00 1.04617225e-03
2.18000000e+02 9.13156265e+00 1.04454291e-03
2.19000000e+02 9.17345055e+00 1.04230810e-03
2.20000000e+02 9.21533845e+00 1.04694075e-03
2.21000000e+02 9.25722635e+00 1.04315935e-03
2.22000000e+02 9.29911425e+00 1.04173978e-03
2.23000000e+02 9.34100216e+00 1.04376729e-03
2.24000000e+02 9.38289006e+00 1.04179458e-03
2.25000000e+02 9.42477796e+00 1.04387471e-03
2.26000000e+02 9.46666586e+00 1.04240925e-03
2.27000000e+02 9.50855376e+00 1.03934047e-03
2.28000000e+02 9.55044167e+00 1.04365804e-03
2.29000000e+02 9.59232957e+00 1.04148351e-03
2.30000000e+02 9.63421747e+00 1.03979720e-03
2.31000000e+02 9.67610537e+00 1.04017972e-03
2.32000000e+02 9.71799328e+00 1.03942442e-03
2.33000000e+02 9.75988118e+00 1.04013413e-03
2.34000000e+02 9.80176908e+00 1.03953304e-03
2.35000000e+02 9.84365698e+00 1.03567257e-03
2.36000000e+02 9.88554488e+00 1.04040518e-03
2.37000000e+02 9.92743279e+00 1.03957679e-03
2.38000000e+02 9.96932069e+00 1.03908051e-03
2.39000000e+02 1.00112086e+01 1.03927403e-03
2.40000000e+02 1.00530965e+01 1.03701069e-03
2.41000000e+02 1.00949844e+01 1.03735189e-03
2.42000000e+02 1.01368723e+01 1.03600063e-03
2.43000000e+02 1.01787602e+01 1.03623104e-03
2.44000000e+02 1.02206481e+01 1.03498739e-03
2.45000000e+02 1.02625360e+01 1.03622139e-03
2.46000000e+02 1.03044239e+01 1.03573615e-03
2.47000000e+02 1.03463118e+01 1.03373558e-03
2.48000000e+02 1.03881997e+01 1.03629692e-03
2.49000000e+02 1.04300876e+01 1.03530446e-03
2.50000000e+02 1.04719755e+01 1.03450134e-03
2.51000000e+02 1.05138634e+01 1.03463660e-03
2.52000000e+02 1.05557513e+01 1.03089459e-03
2.53000000e+02 1.05976392e+01 1.03364988e-03
2.54000000e+02 1.06395271e+01 1.03160908e-03
2.55000000e+02 1.06814150e+01 1.03326734e-03
2.56000000e+02 1.07233029e+01 1.02989048e-03
2.57000000e+02 1.07651908e+01 1.03225055e-03
2.58000000e+02 1.08070787e+01 1.02625004e-03
2.59000000e+02 1.08489666e+01 1.03118526e-03
2.60000000e+02 1.08908545e+01 1.02659774e-03
2.61000000e+02 1.09327424e+01 1.03024633e-03
2.62000000e+02 1.09746303e+01 1.02485659e-03
2.63000000e+02 1.10165182e+01 1.02840393e-03
2.64000000e+02 1.10584061e+01 1.02825240e-03
2.65000000e+02 1.11002940e+01 1.02776793e-03
2.66000000e+02 1.11421819e+01 1.02887420e-03
2.67000000e+02 1.11840698e+01 1.02509905e-03
2.68000000e+02 1.12259577e+01 1.02982446e-03
2.69000000e+02 1.12678457e+01 1.02793775e-03
2.70000000e+02 1.13097336e+01 1.02765021e-03
2.71000000e+02 1.13516215e+01 1.02634472e-03
2.72000000e+02 1.13935094e+01 1.02464896e-03
2.73000000e+02 1.14353973e+01 1.02317163e-03
2.74000000e+02 1.14772852e+01 1.02329707e-03
2.75000000e+02 1.15191731e+01 1.02381465e-03
2.76000000e+02 1.15610610e+01 1.02167816e-03
2.77000000e+02 1.16029489e+01 1.02325161e-03
2.78000000e+02 1.16448368e+01 1.02133750e-03
2.79000000e+02 1.16867247e+01 1.02326690e-03
2.80000000e+02 1.17286126e+01 1.02266733e-03
2.81000000e+02 1.17705005e+01 1.02225559e-03
2.82000000e+02 1.18123884e+01 1.02202676e-03
2.83000000e+02 1.18542763e+01 1.02357940e-03
2.84000000e+02 1.18961642e+01 1.02262665e-03
2.85000000e+02 1.19380521e+01 1.02248312e-03
2.86000000e+02 1.19799400e+01 1.02064432e-03
2.87000000e+02 1.20218279e+01 1.02220754e-03
2.88000000e+02 1.20637158e+01 1.02044441e-03
2.89000000e+02 1.21056037e+01 1.02145047e-03
2.90000000e+02 1.21474916e+01 1.02075622e-03
2.91000000e+02 1.21893795e+01 1.02107263e-03
2.92000000e+02 1.22312674e+01 1.01938270e-03
2.93000000e+02 1.22731553e+01 1.01910916e-03
2.94000000e+02 1.23150432e+01 1.02007630e-03
2.95000000e+02 1.23569311e+01 1.01759009e-03
2.96000000e+02 1.23988190e+01 1.02595674e-03
2.97000000e+02 1.24407069e+01 1.02616040e-03
2.98000000e+02 1.24825948e+01 1.02170712e-03
2.99000000e+02 1.25244827e+01 1.01774228e-03
3.00000000e+02 1.25663706e+01 1.01794191e-03
3.01000000e+02 1.26082585e+01 1.02392426e-03
3.02000000e+02 1.26501464e+01 1.02683173e-03
3.03000000e+02 1.26920343e+01 1.01937218e-03
3.04000000e+02 1.27339222e+01 1.01671272e-03
3.05000000e+02 1.27758101e+01 1.01697952e-03
3.06000000e+02 1.28176980e+01 1.01325542e-03
3.07000000e+02 1.28595859e+01 1.01588839e-03
3.08000000e+02 1.29014738e+01 1.01290311e-03
3.09000000e+02 1.29433617e+01 1.01221129e-03
3.10000000e+02 1.29852496e+01 1.01772819e-03
3.11000000e+02 1.30271375e+01 1.01223449e-03
3.12000000e+02 1.30690254e+01 1.00803186e-03
3.13000000e+02 1.31109133e+01 1.01679354e-03
3.14000000e+02 1.31528012e+01 1.01643009e-03
3.15000000e+02 1.31946891e+01 1.02184505e-03
3.16000000e+02 1.32365770e+01 1.02299380e-03
3.17000000e+02 1.32784649e+01 1.02259423e-03
3.18000000e+02 1.33203529e+01 1.02197429e-03
3.19000000e+02 1.33622408e+01 1.02077305e-03
3.20000000e+02 1.34041287e+01 1.01985965e-03
3.21000000e+02 1.34460166e+01 1.01896054e-03
3.22000000e+02 1.34879045e+01 1.01773871e-03
3.23000000e+02 1.35297924e+01 1.01662617e-03
3.24000000e+02 1.35716803e+01 1.01528649e-03
3.25000000e+02 1.36135682e+01 1.01435902e-03
3.26000000e+02 1.36554561e+01 1.01227302e-03
3.27000000e+02 1.36973440e+01 1.01106553e-03
3.28000000e+02 1.37392319e+01 1.01283911e-03
3.29000000e+02 1.37811198e+01 1.01439584e-03
3.30000000e+02 1.38230077e+01 1.01632700e-03
3.31000000e+02 1.38648956e+01 1.01801290e-03
3.32000000e+02 1.39067835e+01 1.01260934e-03
3.33000000e+02 1.39486714e+01 1.00898315e-03
3.34000000e+02 1.39905593e+01 1.01526501e-03
3.35000000e+02 1.40324472e+01 1.01716637e-03
3.36000000e+02 1.40743351e+01 1.01933595e-03
3.37000000e+02 1.41162230e+01 1.01340078e-03
3.38000000e+02 1.41581109e+01 1.02112695e-03
3.39000000e+02 1.41999988e+01 1.01503647e-03
3.40000000e+02 1.42418867e+01 1.01474727e-03
3.41000000e+02 1.42837746e+01 1.01210402e-03
3.42000000e+02 1.43256625e+01 1.01990803e-03
3.43000000e+02 1.43675504e+01 1.02175401e-03
3.44000000e+02 1.44094383e+01 1.02469475e-03
3.45000000e+02 1.44513262e+01 1.02386571e-03
3.46000000e+02 1.44932141e+01 1.02543608e-03
3.47000000e+02 1.45351020e+01 1.02915018e-03
3.48000000e+02 1.45769899e+01 1.02788910e-03
3.49000000e+02 1.46188778e+01 1.03117940e-03
3.50000000e+02 1.46607657e+01 1.03021862e-03
3.51000000e+02 1.47026536e+01 1.02934431e-03
3.52000000e+02 1.47445415e+01 1.03214924e-03
3.53000000e+02 1.47864294e+01 1.03578990e-03
3.54000000e+02 1.48283173e+01 1.03321085e-03
3.55000000e+02 1.48702052e+01 1.03648690e-03
3.56000000e+02 1.49120931e+01 1.03524561e-03
3.57000000e+02 1.49539810e+01 1.03793462e-03
3.58000000e+02 1.49958689e+01 1.03659855e-03
3.59000000e+02 1.50377568e+01 1.03996444e-03
3.60000000e+02 1.50796447e+01 1.03809040e-03
3.61000000e+02 1.51215326e+01 1.04121892e-03
3.62000000e+02 1.51634205e+01 1.04155244e-03
3.63000000e+02 1.52053084e+01 1.04074415e-03
3.64000000e+02 1.52471963e+01 1.04109269e-03
3.65000000e+02 1.52890842e+01 1.04112440e-03
3.66000000e+02 1.53309721e+01 1.04199288e-03
3.67000000e+02 1.53728601e+01 1.04071907e-03
3.68000000e+02 1.54147480e+01 1.04046213e-03
3.69000000e+02 1.54566359e+01 1.03873458e-03
3.70000000e+02 1.54985238e+01 1.03811305e-03
3.71000000e+02 1.55404117e+01 1.03687962e-03
3.72000000e+02 1.55822996e+01 1.03655178e-03
3.73000000e+02 1.56241875e+01 1.03520386e-03
3.74000000e+02 1.56660754e+01 1.03379178e-03
3.75000000e+02 1.57079633e+01 1.03268731e-03
3.76000000e+02 1.57498512e+01 1.03181704e-03
3.77000000e+02 1.57917391e+01 1.02976495e-03
3.78000000e+02 1.58336270e+01 1.03215668e-03
3.79000000e+02 1.58755149e+01 1.03000182e-03
3.80000000e+02 1.59174028e+01 1.03227185e-03
3.81000000e+02 1.59592907e+01 1.03049091e-03
3.82000000e+02 1.60011786e+01 1.03217894e-03
3.83000000e+02 1.60430665e+01 1.03415686e-03
3.84000000e+02 1.60849544e+01 1.03293388e-03
3.85000000e+02 1.61268423e+01 1.03416770e-03
3.86000000e+02 1.61687302e+01 1.03602850e-03
3.87000000e+02 1.62106181e+01 1.03281522e-03
3.88000000e+02 1.62525060e+01 1.03513264e-03
3.89000000e+02 1.62943939e+01 1.03621558e-03
3.90000000e+02 1.63362818e+01 1.03670840e-03
3.91000000e+02 1.63781697e+01 1.03810344e-03
3.92000000e+02 1.64200576e+01 1.03762816e-03
3.93000000e+02 1.64619455e+01 1.03926149e-03
3.94000000e+02 1.65038334e+01 1.03856615e-03
3.95000000e+02 1.65457213e+01 1.04062086e-03
3.96000000e+02 1.65876092e+01 1.03819174e-03
3.97000000e+02 1.66294971e+01 1.04027814e-03
3.98000000e+02 1.66713850e+01 1.04043802e-03
3.99000000e+02 1.67132729e+01 1.04141426e-03
4.00000000e+02 1.67551608e+01 1.04063497e-03
4.01000000e+02 1.67970487e+01 1.04178148e-03
4.02000000e+02 1.68389366e+01 1.04457432e-03
4.03000000e+02 1.68808245e+01 1.04115257e-03
4.04000000e+02 1.69227124e+01 1.04536462e-03
4.05000000e+02 1.69646003e+01 1.04299467e-03
4.06000000e+02 1.70064882e+01 1.04758234e-03
4.07000000e+02 1.70483761e+01 1.04591618e-03
4.08000000e+02 1.70902640e+01 1.04854121e-03
4.09000000e+02 1.71321519e+01 1.04815404e-03
4.10000000e+02 1.71740398e+01 1.04695445e-03
4.11000000e+02 1.72159277e+01 1.05009196e-03
4.12000000e+02 1.72578156e+01 1.04721502e-03
4.13000000e+02 1.72997035e+01 1.05090110e-03
4.14000000e+02 1.73415914e+01 1.04788666e-03
4.15000000e+02 1.73834793e+01 1.05002146e-03
4.16000000e+02 1.74253673e+01 1.05139381e-03
4.17000000e+02 1.74672552e+01 1.05175492e-03
4.18000000e+02 1.75091431e+01 1.05387077e-03
4.19000000e+02 1.75510310e+01 1.05253082e-03
4.20000000e+02 1.75929189e+01 1.05475888e-03
4.21000000e+02 1.76348068e+01 1.05663159e-03
4.22000000e+02 1.76766947e+01 1.05642723e-03
4.23000000e+02 1.77185826e+01 1.05642990e-03
4.24000000e+02 1.77604705e+01 1.05742828e-03
4.25000000e+02 1.78023584e+01 1.04995345e-03
4.26000000e+02 1.78442463e+01 1.04784792e-03
4.27000000e+02 1.78861342e+01 1.04631701e-03
4.28000000e+02 1.79280221e+01 1.04337165e-03
4.29000000e+02 1.79699100e+01 1.04027724e-03
4.30000000e+02 1.80117979e+01 1.03689963e-03
4.31000000e+02 1.80536858e+01 1.03529915e-03
4.32000000e+02 1.80955737e+01 1.03145891e-03
4.33000000e+02 1.81374616e+01 1.02780607e-03
4.34000000e+02 1.81793495e+01 1.02418253e-03
4.35000000e+02 1.82212374e+01 1.02080962e-03
4.36000000e+02 1.82631253e+01 1.01892332e-03
4.37000000e+02 1.83050132e+01 1.01568928e-03
4.38000000e+02 1.83469011e+01 1.01193284e-03
4.39000000e+02 1.83887890e+01 1.00931195e-03
4.40000000e+02 1.84306769e+01 1.00627321e-03
4.41000000e+02 1.84725648e+01 1.00392226e-03
4.42000000e+02 1.85144527e+01 1.00095150e-03
4.43000000e+02 1.85563406e+01 9.98904161e-04
4.44000000e+02 1.85982285e+01 9.95470306e-04
4.45000000e+02 1.86401164e+01 9.91576929e-04
4.46000000e+02 1.86820043e+01 9.89169380e-04
4.47000000e+02 1.87238922e+01 9.86000014e-04
4.48000000e+02 1.87657801e+01 9.82668858e-04
4.49000000e+02 1.88076680e+01 9.80944463e-04
4.50000000e+02 1.88495559e+01 9.86563907e-04
4.51000000e+02 1.88914438e+01 9.81551015e-04
4.52000000e+02 1.89333317e+01 9.82075107e-04
4.53000000e+02 1.89752196e+01 9.87352575e-04
4.54000000e+02 1.90171075e+01 9.83439800e-04
4.55000000e+02 1.90589954e+01 9.80867477e-04
4.56000000e+02 1.91008833e+01 9.81429178e-04
4.57000000e+02 1.91427712e+01 9.90013722e-04
4.58000000e+02 1.91846591e+01 9.88773417e-04
4.59000000e+02 1.92265470e+01 9.89378816e-04
4.60000000e+02 1.92684349e+01 9.89382134e-04
4.61000000e+02 1.93103228e+01 9.97035820e-04
4.62000000e+02 1.93522107e+01 1.00225203e-03
4.63000000e+02 1.93940986e+01 1.00715398e-03
4.64000000e+02 1.94359866e+01 1.01286383e-03
4.65000000e+02 1.94778745e+01 1.01545630e-03
4.66000000e+02 1.95197624e+01 1.01602617e-03
4.67000000e+02 1.95616503e+01 1.01252490e-03
4.68000000e+02 1.96035382e+01 1.01572465e-03
4.69000000e+02 1.96454261e+01 1.01288356e-03
4.70000000e+02 1.96873140e+01 1.01295751e-03
4.71000000e+02 1.97292019e+01 1.00993463e-03
4.72000000e+02 1.97710898e+01 1.01217847e-03
4.73000000e+02 1.98129777e+01 1.00991630e-03
4.74000000e+02 1.98548656e+01 1.01165858e-03
4.75000000e+02 1.98967535e+01 1.00964804e-03
4.76000000e+02 1.99386414e+01 1.01079957e-03
4.77000000e+02 1.99805293e+01 1.00930705e-03
4.78000000e+02 2.00224172e+01 1.01135661e-03
4.79000000e+02 2.00643051e+01 1.01172397e-03
4.80000000e+02 2.01061930e+01 1.01150457e-03
4.81000000e+02 2.01480809e+01 1.01847741e-03
4.82000000e+02 2.01899688e+01 1.01791402e-03
4.83000000e+02 2.02318567e+01 1.01698026e-03
4.84000000e+02 2.02737446e+01 1.01707085e-03
4.85000000e+02 2.03156325e+01 1.01603404e-03
4.86000000e+02 2.03575204e+01 1.01624525e-03
4.87000000e+02 2.03994083e+01 1.01508078e-03
4.88000000e+02 2.04412962e+01 1.01381947e-03
4.89000000e+02 2.04831841e+01 1.01551413e-03
4.90000000e+02 2.05250720e+01 1.01355164e-03
4.91000000e+02 2.05669599e+01 1.01443535e-03
4.92000000e+02 2.06088478e+01 1.01368951e-03
4.93000000e+02 2.06507357e+01 1.01247570e-03
4.94000000e+02 2.06926236e+01 1.01437382e-03
4.95000000e+02 2.07345115e+01 1.01253947e-03
4.96000000e+02 2.07763994e+01 1.02212179e-03
4.97000000e+02 2.08182873e+01 1.01907811e-03
4.98000000e+02 2.08601752e+01 1.01789048e-03
4.99000000e+02 2.09020631e+01 1.01489312e-03
5.00000000e+02 2.09439510e+01 1.01269748e-03
5.01000000e+02 2.09858389e+01 1.01296100e-03
5.02000000e+02 2.10277268e+01 1.01889999e-03
5.03000000e+02 2.10696147e+01 1.01663728e-03
5.04000000e+02 2.11115026e+01 1.01485453e-03
5.05000000e+02 2.11533905e+01 1.01258520e-03
5.06000000e+02 2.11952784e+01 1.01285770e-03
5.07000000e+02 2.12371663e+01 1.01207375e-03
5.08000000e+02 2.12790542e+01 1.01223303e-03
5.09000000e+02 2.13209421e+01 1.01863732e-03
5.10000000e+02 2.13628300e+01 1.01444661e-03
5.11000000e+02 2.14047179e+01 1.01265469e-03
5.12000000e+02 2.14466058e+01 1.01361891e-03
5.13000000e+02 2.14884938e+01 1.01101218e-03
5.14000000e+02 2.15303817e+01 1.02102503e-03
5.15000000e+02 2.15722696e+01 1.01581358e-03
5.16000000e+02 2.16141575e+01 1.01341646e-03
5.17000000e+02 2.16560454e+01 1.02083643e-03
5.18000000e+02 2.16979333e+01 1.01670949e-03
5.19000000e+02 2.17398212e+01 1.01460739e-03
5.20000000e+02 2.17817091e+01 1.02214443e-03
5.21000000e+02 2.18235970e+01 1.01810148e-03
5.22000000e+02 2.18654849e+01 1.01567006e-03
5.23000000e+02 2.19073728e+01 1.02397967e-03
5.24000000e+02 2.19492607e+01 1.01973130e-03
5.25000000e+02 2.19911486e+01 1.01780946e-03
5.26000000e+02 2.20330365e+01 1.02731731e-03
5.27000000e+02 2.20749244e+01 1.02272073e-03
5.28000000e+02 2.21168123e+01 1.02079337e-03
5.29000000e+02 2.21587002e+01 1.02750290e-03
5.30000000e+02 2.22005881e+01 1.02302339e-03
5.31000000e+02 2.22424760e+01 1.02106998e-03
5.32000000e+02 2.22843639e+01 1.03203070e-03
5.33000000e+02 2.23262518e+01 1.02743127e-03
5.34000000e+02 2.23681397e+01 1.02369923e-03
5.35000000e+02 2.24100276e+01 1.03296422e-03
5.36000000e+02 2.24519155e+01 1.02745522e-03
5.37000000e+02 2.24938034e+01 1.02625637e-03
5.38000000e+02 2.25356913e+01 1.03433062e-03
5.39000000e+02 2.25775792e+01 1.02972990e-03
5.40000000e+02 2.26194671e+01 1.02943594e-03
5.41000000e+02 2.26613550e+01 1.03509827e-03
5.42000000e+02 2.27032429e+01 1.03127699e-03
5.43000000e+02 2.27451308e+01 1.02927626e-03
5.44000000e+02 2.27870187e+01 1.03663412e-03
5.45000000e+02 2.28289066e+01 1.03293372e-03
5.46000000e+02 2.28707945e+01 1.03969622e-03
5.47000000e+02 2.29126824e+01 1.03446874e-03
5.48000000e+02 2.29545703e+01 1.03031764e-03
5.49000000e+02 2.29964582e+01 1.03859597e-03
5.50000000e+02 2.30383461e+01 1.03313175e-03
5.51000000e+02 2.30802340e+01 1.03038483e-03
5.52000000e+02 2.31221219e+01 1.03732549e-03
5.53000000e+02 2.31640098e+01 1.03114802e-03
5.54000000e+02 2.32058977e+01 1.03673280e-03
5.55000000e+02 2.32477856e+01 1.03112867e-03
5.56000000e+02 2.32896735e+01 1.03765033e-03
5.57000000e+02 2.33315614e+01 1.03223319e-03
5.58000000e+02 2.33734493e+01 1.02950780e-03
5.59000000e+02 2.34153372e+01 1.03555324e-03
5.60000000e+02 2.34572251e+01 1.02845447e-03
5.61000000e+02 2.34991130e+01 1.03739032e-03
5.62000000e+02 2.35410010e+01 1.03235016e-03
5.63000000e+02 2.35828889e+01 1.03265463e-03
5.64000000e+02 2.36247768e+01 1.04164779e-03
5.65000000e+02 2.36666647e+01 1.03616608e-03
5.66000000e+02 2.37085526e+01 1.04239908e-03
5.67000000e+02 2.37504405e+01 1.03927994e-03
5.68000000e+02 2.37923284e+01 1.04749772e-03
5.69000000e+02 2.38342163e+01 1.04192473e-03
5.70000000e+02 2.38761042e+01 1.04182195e-03
5.71000000e+02 2.39179921e+01 1.04799181e-03
5.72000000e+02 2.39598800e+01 1.04545982e-03
5.73000000e+02 2.40017679e+01 1.05527332e-03
5.74000000e+02 2.40436558e+01 1.04990242e-03
5.75000000e+02 2.40855437e+01 1.04875627e-03
5.76000000e+02 2.41274316e+01 1.05643830e-03
5.77000000e+02 2.41693195e+01 1.04601501e-03
5.78000000e+02 2.42112074e+01 1.05544702e-03
5.79000000e+02 2.42530953e+01 1.04534219e-03
5.80000000e+02 2.42949832e+01 1.04180929e-03
5.81000000e+02 2.43368711e+01 1.04652753e-03
5.82000000e+02 2.43787590e+01 1.03912800e-03
5.83000000e+02 2.44206469e+01 1.04092252e-03
5.84000000e+02 2.44625348e+01 1.03454973e-03
5.85000000e+02 2.45044227e+01 1.03797578e-03
5.86000000e+02 2.45463106e+01 1.02951791e-03
5.87000000e+02 2.45881985e+01 1.03486051e-03
5.88000000e+02 2.46300864e+01 1.02752852e-03
5.89000000e+02 2.46719743e+01 1.03021879e-03
5.90000000e+02 2.47138622e+01 1.02229501e-03
5.91000000e+02 2.47557501e+01 1.02775940e-03
5.92000000e+02 2.47976380e+01 1.01998804e-03
5.93000000e+02 2.48395259e+01 1.02163315e-03
5.94000000e+02 2.48814138e+01 1.01388466e-03
5.95000000e+02 2.49233017e+01 1.01858355e-03
5.96000000e+02 2.49651896e+01 1.01030363e-03
5.97000000e+02 2.50070775e+01 1.01436344e-03
5.98000000e+02 2.50489654e+01 1.00514279e-03
5.99000000e+02 2.50908533e+01 1.01159375e-03
6.00000000e+02 2.51327412e+01 1.00198340e-03
6.01000000e+02 2.51746291e+01 1.00906455e-03
6.02000000e+02 2.52165170e+01 1.00112551e-03
6.03000000e+02 2.52584049e+01 1.00795658e-03
6.04000000e+02 2.53002928e+01 9.97990275e-04
6.05000000e+02 2.53421807e+01 1.00507408e-03
6.06000000e+02 2.53840686e+01 9.94674064e-04
6.07000000e+02 2.54259565e+01 1.00150128e-03
6.08000000e+02 2.54678444e+01 9.93103261e-04
6.09000000e+02 2.55097323e+01 9.97640979e-04
6.10000000e+02 2.55516202e+01 9.88520080e-04
6.11000000e+02 2.55935082e+01 9.94226340e-04
6.12000000e+02 2.56353961e+01 9.86303159e-04
6.13000000e+02 2.56772840e+01 9.91674963e-04
6.14000000e+02 2.57191719e+01 9.84025386e-04
6.15000000e+02 2.57610598e+01 9.89687169e-04
6.16000000e+02 2.58029477e+01 9.80443451e-04
6.17000000e+02 2.58448356e+01 9.85562131e-04
6.18000000e+02 2.58867235e+01 9.78521001e-04
6.19000000e+02 2.59286114e+01 9.83486533e-04
6.20000000e+02 2.59704993e+01 9.74660369e-04
6.21000000e+02 2.60123872e+01 9.81124830e-04
6.22000000e+02 2.60542751e+01 9.73392648e-04
6.23000000e+02 2.60961630e+01 9.79421828e-04
6.24000000e+02 2.61380509e+01 9.71170517e-04
6.25000000e+02 2.61799388e+01 9.76275561e-04
6.26000000e+02 2.62218267e+01 9.69164037e-04
6.27000000e+02 2.62637146e+01 9.76215223e-04
6.28000000e+02 2.63056025e+01 9.68855550e-04
6.29000000e+02 2.63474904e+01 9.73522821e-04
6.30000000e+02 2.63893783e+01 9.60145728e-04
6.31000000e+02 2.64312662e+01 9.68225144e-04
6.32000000e+02 2.64731541e+01 9.55126447e-04
6.33000000e+02 2.65150420e+01 9.60146728e-04
6.34000000e+02 2.65569299e+01 9.53645536e-04
6.35000000e+02 2.65988178e+01 9.60128228e-04
6.36000000e+02 2.66407057e+01 9.46124736e-04
6.37000000e+02 2.66825936e+01 9.52098281e-04
6.38000000e+02 2.67244815e+01 9.55000114e-04
6.39000000e+02 2.67663694e+01 9.40243464e-04
6.40000000e+02 2.68082573e+01 9.45728235e-04
6.41000000e+02 2.68501452e+01 9.46440922e-04
6.42000000e+02 2.68920331e+01 9.37816246e-04
6.43000000e+02 2.69339210e+01 9.42415161e-04
6.44000000e+02 2.69758089e+01 9.32721298e-04
6.45000000e+02 2.70176968e+01 9.37235334e-04
6.46000000e+02 2.70595847e+01 9.37953392e-04
6.47000000e+02 2.71014726e+01 9.29865412e-04
6.48000000e+02 2.71433605e+01 9.33171681e-04
6.49000000e+02 2.71852484e+01 9.32694505e-04
6.50000000e+02 2.72271363e+01 9.24009912e-04
6.51000000e+02 2.72690242e+01 9.25877896e-04
6.52000000e+02 2.73109121e+01 9.25822853e-04
6.53000000e+02 2.73528000e+01 9.15598938e-04
6.54000000e+02 2.73946879e+01 9.21405341e-04
6.55000000e+02 2.74365758e+01 9.24480690e-04
6.56000000e+02 2.74784637e+01 9.17791372e-04
6.57000000e+02 2.75203516e+01 9.22441866e-04
6.58000000e+02 2.75622395e+01 9.21449971e-04
6.59000000e+02 2.76041274e+01 9.11760547e-04
6.60000000e+02 2.76460154e+01 9.17177586e-04
6.61000000e+02 2.76879033e+01 9.15868601e-04
6.62000000e+02 2.77297912e+01 9.06717656e-04
6.63000000e+02 2.77716791e+01 9.09928470e-04
6.64000000e+02 2.78135670e+01 9.12657980e-04
6.65000000e+02 2.78554549e+01 9.11456482e-04
6.66000000e+02 2.78973428e+01 9.02121067e-04
6.67000000e+02 2.79392307e+01 9.07021965e-04
6.68000000e+02 2.79811186e+01 9.06543061e-04
6.69000000e+02 2.80230065e+01 8.97746781e-04
6.70000000e+02 2.80648944e+01 9.02491988e-04
6.71000000e+02 2.81067823e+01 9.00818217e-04
6.72000000e+02 2.81486702e+01 8.94118504e-04
6.73000000e+02 2.81905581e+01 8.98644917e-04
6.74000000e+02 2.82324460e+01 8.97233121e-04
6.75000000e+02 2.82743339e+01 8.89119615e-04
6.76000000e+02 2.83162218e+01 8.93784613e-04
6.77000000e+02 2.83581097e+01 8.94669725e-04
6.78000000e+02 2.83999976e+01 8.93643292e-04
6.79000000e+02 2.84418855e+01 8.82592173e-04
6.80000000e+02 2.84837734e+01 8.88035995e-04
6.81000000e+02 2.85256613e+01 8.90510639e-04
6.82000000e+02 2.85675492e+01 8.77380476e-04
6.83000000e+02 2.86094371e+01 8.82596858e-04
6.84000000e+02 2.86513250e+01 8.83365546e-04
6.85000000e+02 2.86932129e+01 8.75318999e-04
6.86000000e+02 2.87351008e+01 8.79824174e-04
6.87000000e+02 2.87769887e+01 8.81704555e-04
6.88000000e+02 2.88188766e+01 8.68387351e-04
6.89000000e+02 2.88607645e+01 8.71954026e-04
6.90000000e+02 2.89026524e+01 8.73319141e-04
6.91000000e+02 2.89445403e+01 8.62856117e-04
6.92000000e+02 2.89864282e+01 8.66758510e-04
6.93000000e+02 2.90283161e+01 8.67247937e-04
6.94000000e+02 2.90702040e+01 8.55831639e-04
6.95000000e+02 2.91120919e+01 8.59251592e-04
6.96000000e+02 2.91539798e+01 8.61061827e-04
6.97000000e+02 2.91958677e+01 8.51908438e-04
6.98000000e+02 2.92377556e+01 8.56446867e-04
6.99000000e+02 2.92796435e+01 8.58380773e-04
7.00000000e+02 2.93215314e+01 8.45460642e-04
7.01000000e+02 2.93634193e+01 8.49393941e-04
7.02000000e+02 2.94053072e+01 8.47618020e-04
7.03000000e+02 2.94471951e+01 8.35980087e-04
7.04000000e+02 2.94890830e+01 8.43344679e-04
7.05000000e+02 2.95309709e+01 8.48070919e-04
7.06000000e+02 2.95728588e+01 8.45861260e-04
7.07000000e+02 2.96147467e+01 8.48685778e-04
7.08000000e+02 2.96566346e+01 8.41744692e-04
7.09000000e+02 2.96985226e+01 8.51317867e-04
7.10000000e+02 2.97404105e+01 8.43320377e-04
7.11000000e+02 2.97822984e+01 8.48845051e-04
7.12000000e+02 2.98241863e+01 8.51118808e-04
7.13000000e+02 2.98660742e+01 8.42934576e-04
7.14000000e+02 2.99079621e+01 8.46365295e-04
7.15000000e+02 2.99498500e+01 8.49589702e-04
7.16000000e+02 2.99917379e+01 8.40497572e-04
7.17000000e+02 3.00336258e+01 8.45388082e-04
7.18000000e+02 3.00755137e+01 8.48381093e-04
7.19000000e+02 3.01174016e+01 8.40937658e-04
7.20000000e+02 3.01592895e+01 8.46328744e-04
7.21000000e+02 3.02011774e+01 8.50996548e-04
7.22000000e+02 3.02430653e+01 8.44961822e-04
7.23000000e+02 3.02849532e+01 8.50335829e-04
7.24000000e+02 3.03268411e+01 8.54364700e-04
7.25000000e+02 3.03687290e+01 8.47968485e-04
7.26000000e+02 3.04106169e+01 8.53333732e-04
7.27000000e+02 3.04525048e+01 8.46139754e-04
7.28000000e+02 3.04943927e+01 8.51789650e-04
7.29000000e+02 3.05362806e+01 8.55536521e-04
7.30000000e+02 3.05781685e+01 8.48735991e-04
7.31000000e+02 3.06200564e+01 8.54209981e-04
7.32000000e+02 3.06619443e+01 8.59312949e-04
7.33000000e+02 3.07038322e+01 8.53310224e-04
7.34000000e+02 3.07457201e+01 8.58796634e-04
7.35000000e+02 3.07876080e+01 8.52384135e-04
7.36000000e+02 3.08294959e+01 8.58684599e-04
7.37000000e+02 3.08713838e+01 8.62060421e-04
7.38000000e+02 3.09132717e+01 8.55746417e-04
7.39000000e+02 3.09551596e+01 8.60421508e-04
7.40000000e+02 3.09970475e+01 8.63253303e-04
7.41000000e+02 3.10389354e+01 8.54871537e-04
7.42000000e+02 3.10808233e+01 8.59498097e-04
7.43000000e+02 3.11227112e+01 8.60495159e-04
7.44000000e+02 3.11645991e+01 8.52181420e-04
7.45000000e+02 3.12064870e+01 8.56873296e-04
7.46000000e+02 3.12483749e+01 8.58074616e-04
7.47000000e+02 3.12902628e+01 8.49129629e-04
7.48000000e+02 3.13321507e+01 8.54004176e-04
7.49000000e+02 3.13740386e+01 8.55969301e-04
7.50000000e+02 3.14159265e+01 8.45881785e-04
7.51000000e+02 3.14578144e+01 8.50961902e-04
7.52000000e+02 3.14997023e+01 8.63023553e-04
7.53000000e+02 3.15415902e+01 8.73359609e-04
7.54000000e+02 3.15834781e+01 8.81337436e-04
7.55000000e+02 3.16253660e+01 8.86146059e-04
7.56000000e+02 3.16672539e+01 8.89622481e-04
7.57000000e+02 3.17091419e+01 8.92698092e-04
7.58000000e+02 3.17510298e+01 8.95479154e-04
7.59000000e+02 3.17929177e+01 8.97685302e-04
7.60000000e+02 3.18348056e+01 8.98427591e-04
7.61000000e+02 3.18766935e+01 9.01601063e-04
7.62000000e+02 3.19185814e+01 9.03440637e-04
7.63000000e+02 3.19604693e+01 9.05998921e-04
7.64000000e+02 3.20023572e+01 9.08940768e-04
7.65000000e+02 3.20442451e+01 9.10446296e-04
7.66000000e+02 3.20861330e+01 9.12286045e-04
7.67000000e+02 3.21280209e+01 9.14033614e-04
7.68000000e+02 3.21699088e+01 9.15191197e-04
7.69000000e+02 3.22117967e+01 9.16517078e-04
7.70000000e+02 3.22536846e+01 9.17246050e-04
7.71000000e+02 3.22955725e+01 9.17712954e-04
7.72000000e+02 3.23374604e+01 9.18879952e-04
7.73000000e+02 3.23793483e+01 9.21266118e-04
7.74000000e+02 3.24212362e+01 9.21760601e-04
7.75000000e+02 3.24631241e+01 9.21418498e-04
7.76000000e+02 3.25050120e+01 9.24198596e-04
7.77000000e+02 3.25468999e+01 9.23988726e-04
7.78000000e+02 3.25887878e+01 9.26242467e-04
7.79000000e+02 3.26306757e+01 9.28790073e-04
7.80000000e+02 3.26725636e+01 9.29406095e-04
7.81000000e+02 3.27144515e+01 9.30169015e-04
7.82000000e+02 3.27563394e+01 9.31068510e-04
7.83000000e+02 3.27982273e+01 9.34563905e-04
7.84000000e+02 3.28401152e+01 9.34405746e-04
7.85000000e+02 3.28820031e+01 9.36921274e-04
7.86000000e+02 3.29238910e+01 9.37129661e-04
7.87000000e+02 3.29657789e+01 9.38361479e-04
7.88000000e+02 3.30076668e+01 9.39155549e-04
7.89000000e+02 3.30495547e+01 9.39286257e-04
7.90000000e+02 3.30914426e+01 9.42087998e-04
7.91000000e+02 3.31333305e+01 9.43533425e-04
7.92000000e+02 3.31752184e+01 9.45133640e-04
7.93000000e+02 3.32171063e+01 9.46122327e-04
7.94000000e+02 3.32589942e+01 9.46649562e-04
7.95000000e+02 3.33008821e+01 9.46848620e-04
7.96000000e+02 3.33427700e+01 9.48711888e-04
7.97000000e+02 3.33846579e+01 9.47670514e-04
7.98000000e+02 3.34265458e+01 9.49640523e-04
7.99000000e+02 3.34684337e+01 9.49168530e-04
8.00000000e+02 3.35103216e+01 9.48720780e-04
8.01000000e+02 3.35522095e+01 9.49493487e-04
8.02000000e+02 3.35940974e+01 9.48474160e-04
8.03000000e+02 3.36359853e+01 9.48989587e-04
8.04000000e+02 3.36778732e+01 9.48230556e-04
8.05000000e+02 3.37197611e+01 9.46623981e-04
8.06000000e+02 3.37616491e+01 9.46672339e-04
8.07000000e+02 3.38035370e+01 9.42878617e-04
8.08000000e+02 3.38454249e+01 9.42317767e-04
8.09000000e+02 3.38873128e+01 9.40610366e-04
8.10000000e+02 3.39292007e+01 9.40238096e-04
8.11000000e+02 3.39710886e+01 9.38987142e-04
8.12000000e+02 3.40129765e+01 9.39246597e-04
8.13000000e+02 3.40548644e+01 9.35974493e-04
8.14000000e+02 3.40967523e+01 9.34703555e-04
8.15000000e+02 3.41386402e+01 9.32909316e-04
8.16000000e+02 3.41805281e+01 9.33224244e-04
8.17000000e+02 3.42224160e+01 9.29541480e-04
8.18000000e+02 3.42643039e+01 9.28497829e-04
8.19000000e+02 3.43061918e+01 9.28450896e-04
8.20000000e+02 3.43480797e+01 9.24979550e-04
8.21000000e+02 3.43899676e+01 9.23809243e-04
8.22000000e+02 3.44318555e+01 9.22812755e-04
8.23000000e+02 3.44737434e+01 9.21661784e-04
8.24000000e+02 3.45156313e+01 9.18163194e-04
8.25000000e+02 3.45575192e+01 9.17083073e-04
8.26000000e+02 3.45994071e+01 9.15692986e-04
8.27000000e+02 3.46412950e+01 9.15755680e-04
8.28000000e+02 3.46831829e+01 9.12219623e-04
8.29000000e+02 3.47250708e+01 9.10980095e-04
8.30000000e+02 3.47669587e+01 9.10484320e-04
8.31000000e+02 3.48088466e+01 9.08263724e-04
8.32000000e+02 3.48507345e+01 9.06370126e-04
8.33000000e+02 3.48926224e+01 9.06050666e-04
8.34000000e+02 3.49345103e+01 9.03478584e-04
8.35000000e+02 3.49763982e+01 9.01753158e-04
8.36000000e+02 3.50182861e+01 8.99099168e-04
8.37000000e+02 3.50601740e+01 9.01546207e-04
8.38000000e+02 3.51020619e+01 8.99639866e-04
8.39000000e+02 3.51439498e+01 8.97214660e-04
8.40000000e+02 3.51858377e+01 8.95415548e-04
8.41000000e+02 3.52277256e+01 8.94272092e-04
8.42000000e+02 3.52696135e+01 8.92343995e-04
8.43000000e+02 3.53115014e+01 8.93160605e-04
8.44000000e+02 3.53533893e+01 8.90686888e-04
8.45000000e+02 3.53952772e+01 8.90219504e-04
8.46000000e+02 3.54371651e+01 8.87017340e-04
8.47000000e+02 3.54790530e+01 8.87083566e-04
8.48000000e+02 3.55209409e+01 8.85683475e-04
8.49000000e+02 3.55628288e+01 8.84466028e-04
8.50000000e+02 3.56047167e+01 8.81582043e-04
8.51000000e+02 3.56466046e+01 8.79032398e-04
8.52000000e+02 3.56884925e+01 8.78684684e-04
8.53000000e+02 3.57303804e+01 8.75583134e-04
8.54000000e+02 3.57722683e+01 8.73584286e-04
8.55000000e+02 3.58141563e+01 8.70428962e-04
8.56000000e+02 3.58560442e+01 8.66993390e-04
8.57000000e+02 3.58979321e+01 8.63178360e-04
8.58000000e+02 3.59398200e+01 8.67191861e-04
8.59000000e+02 3.59817079e+01 8.70108142e-04
8.60000000e+02 3.60235958e+01 8.72491277e-04
8.61000000e+02 3.60654837e+01 8.74257838e-04
8.62000000e+02 3.61073716e+01 8.76097968e-04
8.63000000e+02 3.61492595e+01 8.78206092e-04
8.64000000e+02 3.61911474e+01 8.80327204e-04
8.65000000e+02 3.62330353e+01 8.81689330e-04
8.66000000e+02 3.62749232e+01 8.83058114e-04
8.67000000e+02 3.63168111e+01 8.82462281e-04
8.68000000e+02 3.63586990e+01 8.84197345e-04
8.69000000e+02 3.64005869e+01 8.85140614e-04
8.70000000e+02 3.64424748e+01 8.86383105e-04
8.71000000e+02 3.64843627e+01 8.88220634e-04
8.72000000e+02 3.65262506e+01 8.87006568e-04
8.73000000e+02 3.65681385e+01 8.88879811e-04
8.74000000e+02 3.66100264e+01 8.89416425e-04
8.75000000e+02 3.66519143e+01 8.90189412e-04
8.76000000e+02 3.66938022e+01 8.90963692e-04
8.77000000e+02 3.67356901e+01 8.92479508e-04
8.78000000e+02 3.67775780e+01 8.91662298e-04
8.79000000e+02 3.68194659e+01 8.93237954e-04
8.80000000e+02 3.68613538e+01 8.87494249e-04
8.81000000e+02 3.69032417e+01 8.89649271e-04
8.82000000e+02 3.69451296e+01 8.90918202e-04
8.83000000e+02 3.69870175e+01 8.86013782e-04
8.84000000e+02 3.70289054e+01 8.81609212e-04
8.85000000e+02 3.70707933e+01 8.76460209e-04
8.86000000e+02 3.71126812e+01 8.70884089e-04
8.87000000e+02 3.71545691e+01 8.65506229e-04
8.88000000e+02 3.71964570e+01 8.59402104e-04
8.89000000e+02 3.72383449e+01 8.55648239e-04
8.90000000e+02 3.72802328e+01 8.50530496e-04
8.91000000e+02 3.73221207e+01 8.45937763e-04
8.92000000e+02 3.73640086e+01 8.42424295e-04
8.93000000e+02 3.74058965e+01 8.38890983e-04
8.94000000e+02 3.74477844e+01 8.41406907e-04
8.95000000e+02 3.74896723e+01 8.44410671e-04
8.96000000e+02 3.75315602e+01 8.43558683e-04
8.97000000e+02 3.75734481e+01 8.45191462e-04
8.98000000e+02 3.76153360e+01 8.45505713e-04
8.99000000e+02 3.76572239e+01 8.45842518e-04
9.00000000e+02 3.76991118e+01 8.46338431e-04
9.01000000e+02 3.77409997e+01 8.47035974e-04
9.02000000e+02 3.77828876e+01 8.49448675e-04
9.03000000e+02 3.78247755e+01 8.42814537e-04
9.04000000e+02 3.78666635e+01 8.37565045e-04
9.05000000e+02 3.79085514e+01 8.31880420e-04
9.06000000e+02 3.79504393e+01 8.26276193e-04
9.07000000e+02 3.79923272e+01 8.20580319e-04
9.08000000e+02 3.80342151e+01 8.14877430e-04
9.09000000e+02 3.80761030e+01 8.10764221e-04
9.10000000e+02 3.81179909e+01 8.07674810e-04
9.11000000e+02 3.81598788e+01 8.04932883e-04
9.12000000e+02 3.82017667e+01 8.00780457e-04
9.13000000e+02 3.82436546e+01 7.98382509e-04
9.14000000e+02 3.82855425e+01 7.95339180e-04
9.15000000e+02 3.83274304e+01 7.92161519e-04
9.16000000e+02 3.83693183e+01 7.89043685e-04
9.17000000e+02 3.84112062e+01 7.86163832e-04
9.18000000e+02 3.84530941e+01 7.84119488e-04
9.19000000e+02 3.84949820e+01 7.85001149e-04
9.20000000e+02 3.85368699e+01 7.87914097e-04
9.21000000e+02 3.85787578e+01 7.89190045e-04
9.22000000e+02 3.86206457e+01 7.92420774e-04
9.23000000e+02 3.86625336e+01 7.92574690e-04
9.24000000e+02 3.87044215e+01 7.94230844e-04
9.25000000e+02 3.87463094e+01 7.94870084e-04
9.26000000e+02 3.87881973e+01 7.95723714e-04
9.27000000e+02 3.88300852e+01 7.95932138e-04
9.28000000e+02 3.88719731e+01 7.95900028e-04
9.29000000e+02 3.89138610e+01 7.94455083e-04
9.30000000e+02 3.89557489e+01 7.96819335e-04
9.31000000e+02 3.89976368e+01 7.96878045e-04
9.32000000e+02 3.90395247e+01 7.98112687e-04
9.33000000e+02 3.90814126e+01 7.97496260e-04
9.34000000e+02 3.91233005e+01 7.97234010e-04
9.35000000e+02 3.91651884e+01 7.98490859e-04
9.36000000e+02 3.92070763e+01 7.98613359e-04
9.37000000e+02 3.92489642e+01 7.98221287e-04
9.38000000e+02 3.92908521e+01 7.98589829e-04
9.39000000e+02 3.93327400e+01 7.98245134e-04
9.40000000e+02 3.93746279e+01 7.98603432e-04
9.41000000e+02 3.94165158e+01 7.97216501e-04
9.42000000e+02 3.94584037e+01 7.96993793e-04
9.43000000e+02 3.95002916e+01 7.97706699e-04
9.44000000e+02 3.95421795e+01 7.95686357e-04
9.45000000e+02 3.95840674e+01 7.95029136e-04
9.46000000e+02 3.96259553e+01 7.96190662e-04
9.47000000e+02 3.96678432e+01 7.93481687e-04
9.48000000e+02 3.97097311e+01 7.93791790e-04
9.49000000e+02 3.97516190e+01 7.92291045e-04
9.50000000e+02 3.97935069e+01 7.93076592e-04
9.51000000e+02 3.98353948e+01 7.90227124e-04
9.52000000e+02 3.98772827e+01 7.92533448e-04
9.53000000e+02 3.99191707e+01 7.90591018e-04
9.54000000e+02 3.99610586e+01 7.90813758e-04
9.55000000e+02 4.00029465e+01 7.87881349e-04
9.56000000e+02 4.00448344e+01 7.88505624e-04
9.57000000e+02 4.00867223e+01 7.87346450e-04
9.58000000e+02 4.01286102e+01 7.88545670e-04
9.59000000e+02 4.01704981e+01 7.84314017e-04
9.60000000e+02 4.02123860e+01 7.85992241e-04
9.61000000e+02 4.02542739e+01 7.84291633e-04
9.62000000e+02 4.02961618e+01 7.83074926e-04
9.63000000e+02 4.03380497e+01 7.80559218e-04
9.64000000e+02 4.03799376e+01 7.84388906e-04
9.65000000e+02 4.04218255e+01 7.80488939e-04
9.66000000e+02 4.04637134e+01 7.82988498e-04
9.67000000e+02 4.05056013e+01 7.82383681e-04
9.68000000e+02 4.05474892e+01 7.85250072e-04
9.69000000e+02 4.05893771e+01 7.85240135e-04
9.70000000e+02 4.06312650e+01 7.86936197e-04
9.71000000e+02 4.06731529e+01 7.87767117e-04
9.72000000e+02 4.07150408e+01 7.88300488e-04
9.73000000e+02 4.07569287e+01 7.88768994e-04
9.74000000e+02 4.07988166e+01 7.89007487e-04
9.75000000e+02 4.08407045e+01 7.89737306e-04
9.76000000e+02 4.08825924e+01 7.88214919e-04
9.77000000e+02 4.09244803e+01 7.89078424e-04
9.78000000e+02 4.09663682e+01 7.89412857e-04
9.79000000e+02 4.10082561e+01 7.90545188e-04
9.80000000e+02 4.10501440e+01 7.91868612e-04
9.81000000e+02 4.10920319e+01 7.91485068e-04
9.82000000e+02 4.11339198e+01 7.92912963e-04
9.83000000e+02 4.11758077e+01 7.93486572e-04
9.84000000e+02 4.12176956e+01 7.93361415e-04
9.85000000e+02 4.12595835e+01 7.95632733e-04
9.86000000e+02 4.13014714e+01 7.95860639e-04
9.87000000e+02 4.13433593e+01 7.96093201e-04
9.88000000e+02 4.13852472e+01 7.98931470e-04
9.89000000e+02 4.14271351e+01 7.98200886e-04
9.90000000e+02 4.14690230e+01 8.02005136e-04
9.91000000e+02 4.15109109e+01 8.00532953e-04
9.92000000e+02 4.15527988e+01 8.04770999e-04
9.93000000e+02 4.15946867e+01 8.04748502e-04
9.94000000e+02 4.16365746e+01 8.04915212e-04
9.95000000e+02 4.16784625e+01 8.08348726e-04
9.96000000e+02 4.17203504e+01 8.08006612e-04
9.97000000e+02 4.17622383e+01 8.10526073e-04
9.98000000e+02 4.18041262e+01 8.09579424e-04
9.99000000e+02 4.18460141e+01 8.14678173e-04
1.00000000e+03 4.18879020e+01 8.13966321e-04
1.00100000e+03 4.19297899e+01 8.17586859e-04
1.00200000e+03 4.19716779e+01 8.19037725e-04
1.00300000e+03 4.20135658e+01 8.20090363e-04
1.00400000e+03 4.20554537e+01 8.22042497e-04
1.00500000e+03 4.20973416e+01 8.22696553e-04
1.00600000e+03 4.21392295e+01 8.23760681e-04
1.00700000e+03 4.21811174e+01 8.25714155e-04
1.00800000e+03 4.22230053e+01 8.26975034e-04
1.00900000e+03 4.22648932e+01 8.27180148e-04
1.01000000e+03 4.23067811e+01 8.30235940e-04
1.01100000e+03 4.23486690e+01 8.29864143e-04
1.01200000e+03 4.23905569e+01 8.31647631e-04
1.01300000e+03 4.24324448e+01 8.33175793e-04
1.01400000e+03 4.24743327e+01 8.35657033e-04
1.01500000e+03 4.25162206e+01 8.36357091e-04
1.01600000e+03 4.25581085e+01 8.30613725e-04
1.01700000e+03 4.25999964e+01 8.26441022e-04
1.01800000e+03 4.26418843e+01 8.29623876e-04
1.01900000e+03 4.26837722e+01 8.31981676e-04
1.02000000e+03 4.27256601e+01 8.34653648e-04
1.02100000e+03 4.27675480e+01 8.35428307e-04
1.02200000e+03 4.28094359e+01 8.37254480e-04
1.02300000e+03 4.28513238e+01 8.37461886e-04
1.02400000e+03 4.28932117e+01 8.39469352e-04
1.02500000e+03 4.29350996e+01 8.39100112e-04
1.02600000e+03 4.29769875e+01 8.40077593e-04
1.02700000e+03 4.30188754e+01 8.40558789e-04
1.02800000e+03 4.30607633e+01 8.42316258e-04
1.02900000e+03 4.31026512e+01 8.41969320e-04
1.03000000e+03 4.31445391e+01 8.42773461e-04
1.03100000e+03 4.31864270e+01 8.43725187e-04
1.03200000e+03 4.32283149e+01 8.43390365e-04
1.03300000e+03 4.32702028e+01 8.37907829e-04
1.03400000e+03 4.33120907e+01 8.32259780e-04
1.03500000e+03 4.33539786e+01 8.27876258e-04
1.03600000e+03 4.33958665e+01 8.22618108e-04
1.03700000e+03 4.34377544e+01 8.16884716e-04
1.03800000e+03 4.34796423e+01 8.11910911e-04
1.03900000e+03 4.35215302e+01 8.06501715e-04
1.04000000e+03 4.35634181e+01 8.03743334e-04
1.04100000e+03 4.36053060e+01 8.00168203e-04
1.04200000e+03 4.36471939e+01 7.96489797e-04
1.04300000e+03 4.36890818e+01 7.94710167e-04
1.04400000e+03 4.37309697e+01 7.96993493e-04
1.04500000e+03 4.37728576e+01 7.98247695e-04
1.04600000e+03 4.38147455e+01 7.98480579e-04
1.04700000e+03 4.38566334e+01 7.98493731e-04
1.04800000e+03 4.38985213e+01 7.99779372e-04
1.04900000e+03 4.39404092e+01 7.99980204e-04
1.05000000e+03 4.39822972e+01 8.01669600e-04
1.05100000e+03 4.40241851e+01 8.01375622e-04
1.05200000e+03 4.40660730e+01 8.02799258e-04
1.05300000e+03 4.41079609e+01 8.03766746e-04
1.05400000e+03 4.41498488e+01 8.04531414e-04
1.05500000e+03 4.41917367e+01 8.05405412e-04
1.05600000e+03 4.42336246e+01 8.05931307e-04
1.05700000e+03 4.42755125e+01 8.07381324e-04
1.05800000e+03 4.43174004e+01 8.09492655e-04
1.05900000e+03 4.43592883e+01 8.10063560e-04
1.06000000e+03 4.44011762e+01 8.10789269e-04
1.06100000e+03 4.44430641e+01 8.12613315e-04
1.06200000e+03 4.44849520e+01 8.11815580e-04
1.06300000e+03 4.45268399e+01 8.13296167e-04
1.06400000e+03 4.45687278e+01 8.13869422e-04
1.06500000e+03 4.46106157e+01 8.16228785e-04
1.06600000e+03 4.46525036e+01 8.16388432e-04
1.06700000e+03 4.46943915e+01 8.18451770e-04
1.06800000e+03 4.47362794e+01 8.21390562e-04
1.06900000e+03 4.47781673e+01 8.21559813e-04
1.07000000e+03 4.48200552e+01 8.23473136e-04
1.07100000e+03 4.48619431e+01 8.24580115e-04
1.07200000e+03 4.49038310e+01 8.25588183e-04
1.07300000e+03 4.49457189e+01 8.27546949e-04
1.07400000e+03 4.49876068e+01 8.30165878e-04
1.07500000e+03 4.50294947e+01 8.30844357e-04
1.07600000e+03 4.50713826e+01 8.31878679e-04
1.07700000e+03 4.51132705e+01 8.32080340e-04
1.07800000e+03 4.51551584e+01 8.32472319e-04
1.07900000e+03 4.51970463e+01 8.33577490e-04
1.08000000e+03 4.52389342e+01 8.33417829e-04
1.08100000e+03 4.52808221e+01 8.33691638e-04
1.08200000e+03 4.53227100e+01 8.34329142e-04
1.08300000e+03 4.53645979e+01 8.27895599e-04
1.08400000e+03 4.54064858e+01 8.22707624e-04
1.08500000e+03 4.54483737e+01 8.16310690e-04
1.08600000e+03 4.54902616e+01 8.12801798e-04
1.08700000e+03 4.55321495e+01 8.07732763e-04
1.08800000e+03 4.55740374e+01 8.02624719e-04
1.08900000e+03 4.56159253e+01 8.00371041e-04
1.09000000e+03 4.56578132e+01 8.02049134e-04
1.09100000e+03 4.56997011e+01 7.97719811e-04
1.09200000e+03 4.57415890e+01 7.95460171e-04
1.09300000e+03 4.57834769e+01 7.94205068e-04
1.09400000e+03 4.58253648e+01 7.91817104e-04
1.09500000e+03 4.58672527e+01 7.94212800e-04
1.09600000e+03 4.59091406e+01 7.93529930e-04
1.09700000e+03 4.59510285e+01 7.96404673e-04
1.09800000e+03 4.59929164e+01 7.95330726e-04
1.09900000e+03 4.60348044e+01 7.96456531e-04
1.10000000e+03 4.60766923e+01 7.97262355e-04
1.10100000e+03 4.61185802e+01 7.99308398e-04
1.10200000e+03 4.61604681e+01 7.99307870e-04
1.10300000e+03 4.62023560e+01 8.01051572e-04
1.10400000e+03 4.62442439e+01 8.01175607e-04
1.10500000e+03 4.62861318e+01 8.02923350e-04
1.10600000e+03 4.63280197e+01 8.00017842e-04
1.10700000e+03 4.63699076e+01 8.02853594e-04
1.10800000e+03 4.64117955e+01 8.07298115e-04
1.10900000e+03 4.64536834e+01 8.10170178e-04
1.11000000e+03 4.64955713e+01 8.11888288e-04
1.11100000e+03 4.65374592e+01 8.15030184e-04
1.11200000e+03 4.65793471e+01 8.17203420e-04
1.11300000e+03 4.66212350e+01 8.21469524e-04
1.11400000e+03 4.66631229e+01 8.24127645e-04
1.11500000e+03 4.67050108e+01 8.23512507e-04
1.11600000e+03 4.67468987e+01 8.23776660e-04
1.11700000e+03 4.67887866e+01 8.23847177e-04
1.11800000e+03 4.68306745e+01 8.23273001e-04
1.11900000e+03 4.68725624e+01 8.27965673e-04
1.12000000e+03 4.69144503e+01 8.25583189e-04
1.12100000e+03 4.69563382e+01 8.28214964e-04
1.12200000e+03 4.69982261e+01 8.27834725e-04
1.12300000e+03 4.70401140e+01 8.26689338e-04
1.12400000e+03 4.70820019e+01 8.26660782e-04
1.12500000e+03 4.71238898e+01 8.27387378e-04
1.12600000e+03 4.71657777e+01 8.25261333e-04
1.12700000e+03 4.72076656e+01 8.27397624e-04
1.12800000e+03 4.72495535e+01 8.24614491e-04
1.12900000e+03 4.72914414e+01 8.26411671e-04
1.13000000e+03 4.73333293e+01 8.27345660e-04
1.13100000e+03 4.73752172e+01 8.25052252e-04
1.13200000e+03 4.74171051e+01 8.26623186e-04
1.13300000e+03 4.74589930e+01 8.26931713e-04
1.13400000e+03 4.75008809e+01 8.25867979e-04
1.13500000e+03 4.75427688e+01 8.27538011e-04
1.13600000e+03 4.75846567e+01 8.25980855e-04
1.13700000e+03 4.76265446e+01 8.21552977e-04
1.13800000e+03 4.76684325e+01 8.19925408e-04
1.13900000e+03 4.77103204e+01 8.20241576e-04
1.14000000e+03 4.77522083e+01 8.14682093e-04
1.14100000e+03 4.77940962e+01 8.19498992e-04
1.14200000e+03 4.78359841e+01 8.17519530e-04
1.14300000e+03 4.78778720e+01 8.17741690e-04
1.14400000e+03 4.79197599e+01 8.17851644e-04
1.14500000e+03 4.79616478e+01 8.17651119e-04
1.14600000e+03 4.80035357e+01 8.18441050e-04
1.14700000e+03 4.80454236e+01 8.19631037e-04
1.14800000e+03 4.80873116e+01 8.17306980e-04
1.14900000e+03 4.81291995e+01 8.20641272e-04
1.15000000e+03 4.81710874e+01 8.19548761e-04
1.15100000e+03 4.82129753e+01 8.21590472e-04
1.15200000e+03 4.82548632e+01 8.19220089e-04
1.15300000e+03 4.82967511e+01 8.21449263e-04
1.15400000e+03 4.83386390e+01 8.21470954e-04
1.15500000e+03 4.83805269e+01 8.21725987e-04
1.15600000e+03 4.84224148e+01 8.22787713e-04
1.15700000e+03 4.84643027e+01 8.22871364e-04
1.15800000e+03 4.85061906e+01 8.22314804e-04
1.15900000e+03 4.85480785e+01 8.22608555e-04
1.16000000e+03 4.85899664e+01 8.23035199e-04
1.16100000e+03 4.86318543e+01 8.27011072e-04
1.16200000e+03 4.86737422e+01 8.29020291e-04
1.16300000e+03 4.87156301e+01 8.32615574e-04
1.16400000e+03 4.87575180e+01 8.33089223e-04
1.16500000e+03 4.87994059e+01 8.38128698e-04
1.16600000e+03 4.88412938e+01 8.38380665e-04
1.16700000e+03 4.88831817e+01 8.43714063e-04
1.16800000e+03 4.89250696e+01 8.44724300e-04
1.16900000e+03 4.89669575e+01 8.47648112e-04
1.17000000e+03 4.90088454e+01 8.49386105e-04
1.17100000e+03 4.90507333e+01 8.52405928e-04
1.17200000e+03 4.90926212e+01 8.54466734e-04
1.17300000e+03 4.91345091e+01 8.57388878e-04
1.17400000e+03 4.91763970e+01 8.61686543e-04
1.17500000e+03 4.92182849e+01 8.61827399e-04
1.17600000e+03 4.92601728e+01 8.66355633e-04
1.17700000e+03 4.93020607e+01 8.66922623e-04
1.17800000e+03 4.93439486e+01 8.70786415e-04
1.17900000e+03 4.93858365e+01 8.71768478e-04
1.18000000e+03 4.94277244e+01 8.75890460e-04
1.18100000e+03 4.94696123e+01 8.75544544e-04
1.18200000e+03 4.95115002e+01 8.78603555e-04
1.18300000e+03 4.95533881e+01 8.80517393e-04
1.18400000e+03 4.95952760e+01 8.82252976e-04
1.18500000e+03 4.96371639e+01 8.85536159e-04
1.18600000e+03 4.96790518e+01 8.85715382e-04
1.18700000e+03 4.97209397e+01 8.88312283e-04
1.18800000e+03 4.97628276e+01 8.90617722e-04
1.18900000e+03 4.98047155e+01 8.91775466e-04
1.19000000e+03 4.98466034e+01 8.94689353e-04
1.19100000e+03 4.98884913e+01 8.97149978e-04
1.19200000e+03 4.99303792e+01 9.01861174e-04
1.19300000e+03 4.99722671e+01 9.02901110e-04
1.19400000e+03 5.00141550e+01 9.05249525e-04
1.19500000e+03 5.00560429e+01 9.05999072e-04
1.19600000e+03 5.00979308e+01 9.10341248e-04
1.19700000e+03 5.01398188e+01 9.11433126e-04
1.19800000e+03 5.01817067e+01 9.15058166e-04
1.19900000e+03 5.02235946e+01 9.16622205e-04
1.20000000e+03 5.02654825e+01 9.17853336e-04
1.20100000e+03 5.03073704e+01 9.22604510e-04
1.20200000e+03 5.03492583e+01 9.23267219e-04
1.20300000e+03 5.03911462e+01 9.24882509e-04
1.20400000e+03 5.04330341e+01 9.29240927e-04
1.20500000e+03 5.04749220e+01 9.29712155e-04
1.20600000e+03 5.05168099e+01 9.31688702e-04
1.20700000e+03 5.05586978e+01 9.32292412e-04
1.20800000e+03 5.06005857e+01 9.37324839e-04
1.20900000e+03 5.06424736e+01 9.37600051e-04
1.21000000e+03 5.06843615e+01 9.39244408e-04
1.21100000e+03 5.07262494e+01 9.40649614e-04
1.21200000e+03 5.07681373e+01 9.41940303e-04
1.21300000e+03 5.08100252e+01 9.46055606e-04
1.21400000e+03 5.08519131e+01 9.45423312e-04
1.21500000e+03 5.08938010e+01 9.49441430e-04
1.21600000e+03 5.09356889e+01 9.50600612e-04
1.21700000e+03 5.09775768e+01 9.51381256e-04
1.21800000e+03 5.10194647e+01 9.52211080e-04
1.21900000e+03 5.10613526e+01 9.55293004e-04
1.22000000e+03 5.11032405e+01 9.54435697e-04
1.22100000e+03 5.11451284e+01 9.58273474e-04
1.22200000e+03 5.11870163e+01 9.57356716e-04
1.22300000e+03 5.12289042e+01 9.60396714e-04
1.22400000e+03 5.12707921e+01 9.59560139e-04
1.22500000e+03 5.13126800e+01 9.61815831e-04
1.22600000e+03 5.13545679e+01 9.62189406e-04
1.22700000e+03 5.13964558e+01 9.65886037e-04
1.22800000e+03 5.14383437e+01 9.63128360e-04
1.22900000e+03 5.14802316e+01 9.68795696e-04
1.23000000e+03 5.15221195e+01 9.66422171e-04
1.23100000e+03 5.15640074e+01 9.72270783e-04
1.23200000e+03 5.16058953e+01 9.71095478e-04
1.23300000e+03 5.16477832e+01 9.77128238e-04
1.23400000e+03 5.16896711e+01 9.75263863e-04
1.23500000e+03 5.17315590e+01 9.79557830e-04
1.23600000e+03 5.17734469e+01 9.81262032e-04
1.23700000e+03 5.18153348e+01 9.84305968e-04
1.23800000e+03 5.18572227e+01 9.81951860e-04
1.23900000e+03 5.18991106e+01 9.85532810e-04
1.24000000e+03 5.19409985e+01 9.84147795e-04
1.24100000e+03 5.19828864e+01 9.90427789e-04
1.24200000e+03 5.20247743e+01 9.88016959e-04
1.24300000e+03 5.20666622e+01 9.91542888e-04
1.24400000e+03 5.21085501e+01 9.89573308e-04
1.24500000e+03 5.21504380e+01 9.94696778e-04
1.24600000e+03 5.21923260e+01 9.90984501e-04
1.24700000e+03 5.22342139e+01 9.95215333e-04
1.24800000e+03 5.22761018e+01 9.92967814e-04
1.24900000e+03 5.23179897e+01 9.93800193e-04
1.25000000e+03 5.23598776e+01 9.93161438e-04
1.25100000e+03 5.24017655e+01 9.97138617e-04
1.25200000e+03 5.24436534e+01 9.93938717e-04
1.25300000e+03 5.24855413e+01 9.97232291e-04
1.25400000e+03 5.25274292e+01 9.98956282e-04
1.25500000e+03 5.25693171e+01 1.00082243e-03
1.25600000e+03 5.26112050e+01 1.00210046e-03
1.25700000e+03 5.26530929e+01 1.00171274e-03
1.25800000e+03 5.26949808e+01 1.00407580e-03
1.25900000e+03 5.27368687e+01 1.00589477e-03
1.26000000e+03 5.27787566e+01 1.00587302e-03
1.26100000e+03 5.28206445e+01 1.00845170e-03
1.26200000e+03 5.28625324e+01 1.01292120e-03
1.26300000e+03 5.29044203e+01 1.01161061e-03
1.26400000e+03 5.29463082e+01 1.01498835e-03
1.26500000e+03 5.29881961e+01 1.01566003e-03
1.26600000e+03 5.30300840e+01 1.01879986e-03
1.26700000e+03 5.30719719e+01 1.01866645e-03
1.26800000e+03 5.31138598e+01 1.02303769e-03
1.26900000e+03 5.31557477e+01 1.02236460e-03
1.27000000e+03 5.31976356e+01 1.02781240e-03
1.27100000e+03 5.32395235e+01 1.02889546e-03
1.27200000e+03 5.32814114e+01 1.03127890e-03
1.27300000e+03 5.33232993e+01 1.02951497e-03
1.27400000e+03 5.33651872e+01 1.03229854e-03
1.27500000e+03 5.34070751e+01 1.03442255e-03
1.27600000e+03 5.34489630e+01 1.03523468e-03
1.27700000e+03 5.34908509e+01 1.04074039e-03
1.27800000e+03 5.35327388e+01 1.03747568e-03
1.27900000e+03 5.35746267e+01 1.04239619e-03
1.28000000e+03 5.36165146e+01 1.03929542e-03
1.28100000e+03 5.36584025e+01 1.04454254e-03
1.28200000e+03 5.37002904e+01 1.04392285e-03
1.28300000e+03 5.37421783e+01 1.04837401e-03
1.28400000e+03 5.37840662e+01 1.04949014e-03
1.28500000e+03 5.38259541e+01 1.04931249e-03
1.28600000e+03 5.38678420e+01 1.05338740e-03
1.28700000e+03 5.39097299e+01 1.05217241e-03
1.28800000e+03 5.39516178e+01 1.05586568e-03
1.28900000e+03 5.39935057e+01 1.05966058e-03
1.29000000e+03 5.40353936e+01 1.05915290e-03
1.29100000e+03 5.40772815e+01 1.06479303e-03
1.29200000e+03 5.41191694e+01 1.06216881e-03
1.29300000e+03 5.41610573e+01 1.06665933e-03
1.29400000e+03 5.42029452e+01 1.07169223e-03
1.29500000e+03 5.42448332e+01 1.07097068e-03
1.29600000e+03 5.42867211e+01 1.07587523e-03
1.29700000e+03 5.43286090e+01 1.07238600e-03
1.29800000e+03 5.43704969e+01 1.07734136e-03
1.29900000e+03 5.44123848e+01 1.08137563e-03
1.30000000e+03 5.44542727e+01 1.08034967e-03
1.30100000e+03 5.44961606e+01 1.08484070e-03
1.30200000e+03 5.45380485e+01 1.08547341e-03
1.30300000e+03 5.45799364e+01 1.08854246e-03
1.30400000e+03 5.46218243e+01 1.09064563e-03
1.30500000e+03 5.46637122e+01 1.09314340e-03
1.30600000e+03 5.47056001e+01 1.09768382e-03
1.30700000e+03 5.47474880e+01 1.09626775e-03
1.30800000e+03 5.47893759e+01 1.09955987e-03
1.30900000e+03 5.48312638e+01 1.10273644e-03
1.31000000e+03 5.48731517e+01 1.10181681e-03
1.31100000e+03 5.49150396e+01 1.10451841e-03
1.31200000e+03 5.49569275e+01 1.10842174e-03
1.31300000e+03 5.49988154e+01 1.11063052e-03
1.31400000e+03 5.50407033e+01 1.11303967e-03
1.31500000e+03 5.50825912e+01 1.11165882e-03
1.31600000e+03 5.51244791e+01 1.11440104e-03
1.31700000e+03 5.51663670e+01 1.11605196e-03
1.31800000e+03 5.52082549e+01 1.11845603e-03
1.31900000e+03 5.52501428e+01 1.12063450e-03
1.32000000e+03 5.52920307e+01 1.12211576e-03
1.32100000e+03 5.53339186e+01 1.12445972e-03
1.32200000e+03 5.53758065e+01 1.12689548e-03
1.32300000e+03 5.54176944e+01 1.12580099e-03
1.32400000e+03 5.54595823e+01 1.12797615e-03
1.32500000e+03 5.55014702e+01 1.12545164e-03
1.32600000e+03 5.55433581e+01 1.12793402e-03
1.32700000e+03 5.55852460e+01 1.12675641e-03
1.32800000e+03 5.56271339e+01 1.12703032e-03
1.32900000e+03 5.56690218e+01 1.12749025e-03
1.33000000e+03 5.57109097e+01 1.12897931e-03
1.33100000e+03 5.57527976e+01 1.12767485e-03
1.33200000e+03 5.57946855e+01 1.12804887e-03
1.33300000e+03 5.58365734e+01 1.13344915e-03
1.33400000e+03 5.58784613e+01 1.13525187e-03
1.33500000e+03 5.59203492e+01 1.13752273e-03
1.33600000e+03 5.59622371e+01 1.13517103e-03
1.33700000e+03 5.60041250e+01 1.13407311e-03
1.33800000e+03 5.60460129e+01 1.13380405e-03
1.33900000e+03 5.60879008e+01 1.13932885e-03
1.34000000e+03 5.61297887e+01 1.13657539e-03
1.34100000e+03 5.61716766e+01 1.14115560e-03
1.34200000e+03 5.62135645e+01 1.14352448e-03
1.34300000e+03 5.62554525e+01 1.14036175e-03
1.34400000e+03 5.62973404e+01 1.13902282e-03
1.34500000e+03 5.63392283e+01 1.14027218e-03
1.34600000e+03 5.63811162e+01 1.13869367e-03
1.34700000e+03 5.64230041e+01 1.13910578e-03
1.34800000e+03 5.64648920e+01 1.13882399e-03
1.34900000e+03 5.65067799e+01 1.13921600e-03
1.35000000e+03 5.65486678e+01 1.13853376e-03
1.35100000e+03 5.65905557e+01 1.13924561e-03
1.35200000e+03 5.66324436e+01 1.13923677e-03
1.35300000e+03 5.66743315e+01 1.13824502e-03
1.35400000e+03 5.67162194e+01 1.13832931e-03
1.35500000e+03 5.67581073e+01 1.13776522e-03
1.35600000e+03 5.67999952e+01 1.13783988e-03
1.35700000e+03 5.68418831e+01 1.13662084e-03
1.35800000e+03 5.68837710e+01 1.13555358e-03
1.35900000e+03 5.69256589e+01 1.13656468e-03
1.36000000e+03 5.69675468e+01 1.13361867e-03
1.36100000e+03 5.70094347e+01 1.13456289e-03
1.36200000e+03 5.70513226e+01 1.13387790e-03
1.36300000e+03 5.70932105e+01 1.13493914e-03
1.36400000e+03 5.71350984e+01 1.13127545e-03
1.36500000e+03 5.71769863e+01 1.13185209e-03
1.36600000e+03 5.72188742e+01 1.13098334e-03
1.36700000e+03 5.72607621e+01 1.12610314e-03
1.36800000e+03 5.73026500e+01 1.12399696e-03
1.36900000e+03 5.73445379e+01 1.12009555e-03
1.37000000e+03 5.73864258e+01 1.11739914e-03
1.37100000e+03 5.74283137e+01 1.11449859e-03
1.37200000e+03 5.74702016e+01 1.11219251e-03
1.37300000e+03 5.75120895e+01 1.10794119e-03
1.37400000e+03 5.75539774e+01 1.10610848e-03
1.37500000e+03 5.75958653e+01 1.10273199e-03
1.37600000e+03 5.76377532e+01 1.09969072e-03
1.37700000e+03 5.76796411e+01 1.10004279e-03
1.37800000e+03 5.77215290e+01 1.09653426e-03
1.37900000e+03 5.77634169e+01 1.09557630e-03
1.38000000e+03 5.78053048e+01 1.09588690e-03
1.38100000e+03 5.78471927e+01 1.09525733e-03
1.38200000e+03 5.78890806e+01 1.09617547e-03
1.38300000e+03 5.79309685e+01 1.09211619e-03
1.38400000e+03 5.79728564e+01 1.09391699e-03
1.38500000e+03 5.80147443e+01 1.09104597e-03
1.38600000e+03 5.80566322e+01 1.09131755e-03
1.38700000e+03 5.80985201e+01 1.08814399e-03
1.38800000e+03 5.81404080e+01 1.08857219e-03
1.38900000e+03 5.81822959e+01 1.08447059e-03
1.39000000e+03 5.82241838e+01 1.08493086e-03
1.39100000e+03 5.82660717e+01 1.08397638e-03
1.39200000e+03 5.83079597e+01 1.08616985e-03
1.39300000e+03 5.83498476e+01 1.07998989e-03
1.39400000e+03 5.83917355e+01 1.08287087e-03
1.39500000e+03 5.84336234e+01 1.08182259e-03
1.39600000e+03 5.84755113e+01 1.08347855e-03
1.39700000e+03 5.85173992e+01 1.07820275e-03
1.39800000e+03 5.85592871e+01 1.08088004e-03
1.39900000e+03 5.86011750e+01 1.07499618e-03
1.40000000e+03 5.86430629e+01 1.07741203e-03
1.40100000e+03 5.86849508e+01 1.07807347e-03
1.40200000e+03 5.87268387e+01 1.07488071e-03
1.40300000e+03 5.87687266e+01 1.07740729e-03
1.40400000e+03 5.88106145e+01 1.07360146e-03
1.40500000e+03 5.88525024e+01 1.07768589e-03
1.40600000e+03 5.88943903e+01 1.07213132e-03
1.40700000e+03 5.89362782e+01 1.07503681e-03
1.40800000e+03 5.89781661e+01 1.07420256e-03
1.40900000e+03 5.90200540e+01 1.07345307e-03
1.41000000e+03 5.90619419e+01 1.07067140e-03
1.41100000e+03 5.91038298e+01 1.07049298e-03
1.41200000e+03 5.91457177e+01 1.06814510e-03
1.41300000e+03 5.91876056e+01 1.07021852e-03
1.41400000e+03 5.92294935e+01 1.06683695e-03
1.41500000e+03 5.92713814e+01 1.06762441e-03
1.41600000e+03 5.93132693e+01 1.06519060e-03
1.41700000e+03 5.93551572e+01 1.06709820e-03
1.41800000e+03 5.93970451e+01 1.06154017e-03
1.41900000e+03 5.94389330e+01 1.06594773e-03
1.42000000e+03 5.94808209e+01 1.06438164e-03
1.42100000e+03 5.95227088e+01 1.06609846e-03
1.42200000e+03 5.95645967e+01 1.06059018e-03
1.42300000e+03 5.96064846e+01 1.06231251e-03
1.42400000e+03 5.96483725e+01 1.05962032e-03
1.42500000e+03 5.96902604e+01 1.06014345e-03
1.42600000e+03 5.97321483e+01 1.05898716e-03
1.42700000e+03 5.97740362e+01 1.05785576e-03
1.42800000e+03 5.98159241e+01 1.05677303e-03
1.42900000e+03 5.98578120e+01 1.05653047e-03
1.43000000e+03 5.98996999e+01 1.05560699e-03
1.43100000e+03 5.99415878e+01 1.05577112e-03
1.43200000e+03 5.99834757e+01 1.05051380e-03
1.43300000e+03 6.00253636e+01 1.05541135e-03
1.43400000e+03 6.00672515e+01 1.05343569e-03
1.43500000e+03 6.01091394e+01 1.05445372e-03
1.43600000e+03 6.01510273e+01 1.05036527e-03
1.43700000e+03 6.01929152e+01 1.05175708e-03
1.43800000e+03 6.02348031e+01 1.05085116e-03
1.43900000e+03 6.02766910e+01 1.05155524e-03
1.44000000e+03 6.03185789e+01 1.04736323e-03
1.44100000e+03 6.03604669e+01 1.04776723e-03
1.44200000e+03 6.04023548e+01 1.04691598e-03
1.44300000e+03 6.04442427e+01 1.04575882e-03
1.44400000e+03 6.04861306e+01 1.04466744e-03
1.44500000e+03 6.05280185e+01 1.04839686e-03
1.44600000e+03 6.05699064e+01 1.04465851e-03
1.44700000e+03 6.06117943e+01 1.04463245e-03
1.44800000e+03 6.06536822e+01 1.04278629e-03
1.44900000e+03 6.06955701e+01 1.04524311e-03
1.45000000e+03 6.07374580e+01 1.04314984e-03
1.45100000e+03 6.07793459e+01 1.03998811e-03
1.45200000e+03 6.08212338e+01 1.04310477e-03
1.45300000e+03 6.08631217e+01 1.03898701e-03
1.45400000e+03 6.09050096e+01 1.04190339e-03
1.45500000e+03 6.09468975e+01 1.03761769e-03
1.45600000e+03 6.09887854e+01 1.03940596e-03
1.45700000e+03 6.10306733e+01 1.03608044e-03
1.45800000e+03 6.10725612e+01 1.03675832e-03
1.45900000e+03 6.11144491e+01 1.03466600e-03
1.46000000e+03 6.11563370e+01 1.03570715e-03
1.46100000e+03 6.11982249e+01 1.03592117e-03
1.46200000e+03 6.12401128e+01 1.03342934e-03
1.46300000e+03 6.12820007e+01 1.03363658e-03
1.46400000e+03 6.13238886e+01 1.03695822e-03
1.46500000e+03 6.13657765e+01 1.03291300e-03
1.46600000e+03 6.14076644e+01 1.03474624e-03
1.46700000e+03 6.14495523e+01 1.03159456e-03
1.46800000e+03 6.14914402e+01 1.03307971e-03
1.46900000e+03 6.15333281e+01 1.02839055e-03
1.47000000e+03 6.15752160e+01 1.03114933e-03
1.47100000e+03 6.16171039e+01 1.02803815e-03
1.47200000e+03 6.16589918e+01 1.02891382e-03
1.47300000e+03 6.17008797e+01 1.02757011e-03
1.47400000e+03 6.17427676e+01 1.02945865e-03
1.47500000e+03 6.17846555e+01 1.02549025e-03
1.47600000e+03 6.18265434e+01 1.02767846e-03
1.47700000e+03 6.18684313e+01 1.02578227e-03
1.47800000e+03 6.19103192e+01 1.02735190e-03
1.47900000e+03 6.19522071e+01 1.02471584e-03
1.48000000e+03 6.19940950e+01 1.02449293e-03
1.48100000e+03 6.20359829e+01 1.02370293e-03
1.48200000e+03 6.20778708e+01 1.02467645e-03
1.48300000e+03 6.21197587e+01 1.02328183e-03
1.48400000e+03 6.21616466e+01 1.02451771e-03
1.48500000e+03 6.22035345e+01 1.02317391e-03
1.48600000e+03 6.22454224e+01 1.02400011e-03
1.48700000e+03 6.22873103e+01 1.02232508e-03
1.48800000e+03 6.23291982e+01 1.02379332e-03
1.48900000e+03 6.23710861e+01 1.02238800e-03
1.49000000e+03 6.24129741e+01 1.02747263e-03
1.49100000e+03 6.24548620e+01 1.02211419e-03
1.49200000e+03 6.24967499e+01 1.02709460e-03
1.49300000e+03 6.25386378e+01 1.02410982e-03
1.49400000e+03 6.25805257e+01 1.03042370e-03
1.49500000e+03 6.26224136e+01 1.02763378e-03
1.49600000e+03 6.26643015e+01 1.03312340e-03
1.49700000e+03 6.27061894e+01 1.03050368e-03
1.49800000e+03 6.27480773e+01 1.03215463e-03
1.49900000e+03 6.27899652e+01 1.03163911e-03
1.50000000e+03 6.28318531e+01 1.03311630e-03
