0.00000000e+00 0.00000000e+00 5.00000000e-02
1.00000000e+00 4.18879020e-01 4.30766444e-02
2.00000000e+00 8.37758041e-01 3.72917937e-02
3.00000000e+00 1.25663706e+00 3.24246127e-02
4.00000000e+00 1.67551608e+00 2.84170400e-02
5.00000000e+00 2.09439510e+00 2.51178116e-02
6.00000000e+00 2.51327412e+00 2.22890339e-02
7.00000000e+00 2.93215314e+00 1.99519579e-02
8.00000000e+00 3.35103216e+00 1.79124520e-02
9.00000000e+00 3.76991118e+00 1.62464873e-02
1.00000000e+01 4.18879020e+00 1.49202852e-02
1.10000000e+01 4.60766923e+00 1.37770980e-02
1.20000000e+01 5.02654825e+00 1.28824311e-02
1.30000000e+01 5.44542727e+00 1.21083946e-02
1.40000000e+01 5.86430629e+00 1.14311884e-02
1.50000000e+01 6.28318531e+00 1.07654997e-02
1.60000000e+01 6.70206433e+00 1.02426454e-02
1.70000000e+01 7.12094335e+00 9.71998600e-03
1.80000000e+01 7.53982237e+00 9.29487496e-03
1.90000000e+01 7.95870139e+00 8.96375724e-03
2.00000000e+01 8.37758041e+00 8.69055083e-03
2.10000000e+01 8.79645943e+00 8.41164496e-03
2.20000000e+01 9.21533845e+00 8.17073134e-03
2.30000000e+01 9.63421747e+00 7.96139648e-03
2.40000000e+01 1.00530965e+01 7.75040507e-03
2.50000000e+01 1.04719755e+01 7.57035468e-03
2.60000000e+01 1.08908545e+01 7.45295300e-03
2.70000000e+01 1.13097336e+01 7.34216169e-03
2.80000000e+01 1.17286126e+01 7.23265690e-03
2.90000000e+01 1.21474916e+01 7.13312692e-03
3.00000000e+01 1.25663706e+01 7.01882001e-03
3.10000000e+01 1.29852496e+01 6.91027439e-03
3.20000000e+01 1.34041287e+01 6.80172448e-03
3.30000000e+01 1.38230077e+01 6.70930485e-03
3.40000000e+01 1.42418867e+01 6.61990648e-03
3.50000000e+01 1.46607657e+01 6.51903976e-03
3.60000000e+01 1.50796447e+01 6.43003898e-03
3.70000000e+01 1.54985238e+01 6.33575465e-03
3.80000000e+01 1.59174028e+01 6.23774610e-03
3.90000000e+01 1.63362818e+01 6.15041764e-03
4.00000000e+01 1.67551608e+01 6.06757465e-03
4.10000000e+01 1.71740398e+01 5.94142578e-03
4.20000000e+01 1.75929189e+01 5.87357978e-03
4.30000000e+01 1.80117979e+01 5.82353401e-03
4.40000000e+01 1.84306769e+01 5.76700252e-03
4.50000000e+01 1.88495559e+01 5.70855962e-03
4.60000000e+01 1.92684349e+01 5.64085307e-03
4.70000000e+01 1.96873140e+01 5.57147256e-03
4.80000000e+01 2.01061930e+01 5.50735330e-03
4.90000000e+01 2.05250720e+01 5.47681894e-03
5.00000000e+01 2.09439510e+01 5.44792673e-03
5.10000000e+01 2.13628300e+01 5.40132594e-03
5.20000000e+01 2.17817091e+01 5.34903336e-03
5.30000000e+01 2.22005881e+01 5.29552331e-03
5.40000000e+01 2.26194671e+01 5.23238339e-03
5.50000000e+01 2.30383461e+01 5.19084396e-03
5.60000000e+01 2.34572251e+01 5.14991925e-03
5.70000000e+01 2.38761042e+01 5.10572838e-03
5.80000000e+01 2.42949832e+01 5.06437169e-03
5.90000000e+01 2.47138622e+01 5.02856372e-03
6.00000000e+01 2.51327412e+01 4.97678705e-03
6.10000000e+01 2.55516202e+01 4.93787451e-03
6.20000000e+01 2.59704993e+01 4.90004452e-03
6.30000000e+01 2.63893783e+01 4.86453034e-03
6.40000000e+01 2.68082573e+01 4.88197224e-03
6.50000000e+01 2.72271363e+01 4.83755803e-03
6.60000000e+01 2.76460154e+01 4.83674877e-03
6.70000000e+01 2.80648944e+01 4.84182697e-03
6.80000000e+01 2.84837734e+01 4.83968375e-03
6.90000000e+01 2.89026524e+01 4.83217977e-03
7.00000000e+01 2.93215314e+01 4.80850964e-03
7.10000000e+01 2.97404105e+01 4.78483592e-03
7.20000000e+01 3.01592895e+01 4.76721437e-03
7.30000000e+01 3.05781685e+01 4.74907439e-03
7.40000000e+01 3.09970475e+01 4.73676367e-03
7.50000000e+01 3.14159265e+01 4.71103465e-03
7.60000000e+01 3.18348056e+01 4.69940728e-03
7.70000000e+01 3.22536846e+01 4.68727911e-03
7.80000000e+01 3.26725636e+01 4.67843972e-03
7.90000000e+01 3.30914426e+01 4.67456271e-03
8.00000000e+01 3.35103216e+01 4.65201863e-03
8.10000000e+01 3.39292007e+01 4.61681534e-03
8.20000000e+01 3.43480797e+01 4.57830372e-03
8.30000000e+01 3.47669587e+01 4.53016733e-03
8.40000000e+01 3.51858377e+01 4.48109880e-03
8.50000000e+01 3.56047167e+01 4.44434399e-03
8.60000000e+01 3.60235958e+01 4.39135858e-03
8.70000000e+01 3.64424748e+01 4.33185067e-03
8.80000000e+01 3.68613538e+01 4.27879993e-03
8.90000000e+01 3.72802328e+01 4.22744991e-03
9.00000000e+01 3.76991118e+01 4.17156989e-03
9.10000000e+01 3.81179909e+01 4.08969302e-03
9.20000000e+01 3.85368699e+01 4.04551415e-03
9.30000000e+01 3.89557489e+01 4.02066574e-03
9.40000000e+01 3.93746279e+01 3.99308293e-03
9.50000000e+01 3.97935069e+01 3.97946807e-03
9.60000000e+01 4.02123860e+01 3.95215603e-03
9.70000000e+01 4.06312650e+01 3.91547348e-03
9.80000000e+01 4.10501440e+01 3.87955960e-03
9.90000000e+01 4.14690230e+01 3.83791636e-03
1.00000000e+02 4.18879020e+01 3.79841918e-03
1.01000000e+02 4.23067811e+01 3.76985771e-03
1.02000000e+02 4.27256601e+01 3.73487838e-03
1.03000000e+02 4.31445391e+01 3.71074622e-03
1.04000000e+02 4.35634181e+01 3.68547930e-03
1.05000000e+02 4.39822972e+01 3.65418541e-03
1.06000000e+02 4.44011762e+01 3.63007506e-03
1.07000000e+02 4.48200552e+01 3.58043334e-03
1.08000000e+02 4.52389342e+01 3.54805819e-03
1.09000000e+02 4.56578132e+01 3.48904764e-03
1.10000000e+02 4.60766923e+01 3.44772088e-03
1.11000000e+02 4.64955713e+01 3.40039804e-03
1.12000000e+02 4.69144503e+01 3.35551045e-03
1.13000000e+02 4.73333293e+01 3.28364665e-03
1.14000000e+02 4.77522083e+01 3.23057476e-03
1.15000000e+02 4.81710874e+01 3.17589421e-03
1.16000000e+02 4.85899664e+01 3.12054170e-03
1.17000000e+02 4.90088454e+01 3.06148339e-03
1.18000000e+02 4.94277244e+01 3.00683385e-03
1.19000000e+02 4.98466034e+01 2.94988480e-03
1.20000000e+02 5.02654825e+01 2.90987986e-03
1.21000000e+02 5.06843615e+01 2.87020246e-03
1.22000000e+02 5.11032405e+01 2.81997066e-03
1.23000000e+02 5.15221195e+01 2.76957665e-03
1.24000000e+02 5.19409985e+01 2.72292143e-03
1.25000000e+02 5.23598776e+01 2.68030959e-03
1.26000000e+02 5.27787566e+01 2.65060937e-03
1.27000000e+02 5.31976356e+01 2.62882412e-03
1.28000000e+02 5.36165146e+01 2.60627074e-03
1.29000000e+02 5.40353936e+01 2.57248907e-03
1.30000000e+02 5.44542727e+01 2.54717807e-03
1.31000000e+02 5.48731517e+01 2.51444949e-03
1.32000000e+02 5.52920307e+01 2.47423381e-03
1.33000000e+02 5.57109097e+01 2.43601766e-03
1.34000000e+02 5.61297887e+01 2.39599076e-03
1.35000000e+02 5.65486678e+01 2.36101374e-03
1.36000000e+02 5.69675468e+01 2.32741583e-03
1.37000000e+02 5.73864258e+01 2.32842673e-03
1.38000000e+02 5.78053048e+01 2.31187819e-03
1.39000000e+02 5.82241838e+01 2.28351346e-03
1.40000000e+02 5.86430629e+01 2.25585180e-03
1.41000000e+02 5.90619419e+01 2.23108411e-03
1.42000000e+02 5.94808209e+01 2.19840512e-03
1.43000000e+02 5.98996999e+01 2.16210797e-03
1.44000000e+02 6.03185789e+01 2.12928523e-03
1.45000000e+02 6.07374580e+01 2.09145968e-03
1.46000000e+02 6.11563370e+01 2.05498612e-03
1.47000000e+02 6.15752160e+01 2.01782363e-03
1.48000000e+02 6.19940950e+01 1.98507088e-03
1.49000000e+02 6.24129741e+01 1.96052869e-03
